1771410796856 1.54309 0
1771410884182 0.90705 1
1771410970413 0.95164 2
1771411055806 0.94309 3
1771411141440 0.94588 4
1771411226239 1.01207 5
1771411313000 0.856 6
1771411397824 0.88154 7
1771411482290 0.90093 8
1771411566707 0.86542 9
1771411651303 0.82518 10
1771411735818 0.76609 11
1771411821924 0.83201 12
1771411917051 0.86213 13
1771411997847 0.83367 14
1771412078079 0.84994 15
1771412157901 0.78078 16
1771412238758 0.75687 17
1771412322332 0.83241 18
1771412406190 0.76801 19
1771412488446 0.72803 20
1771412570216 0.80917 21
1771412652193 0.74826 22
1771412733334 0.78469 23
1771412814636 0.69209 24
1771412896108 0.74211 25
1771412977569 0.7196 26
1771413059133 0.66821 27
1771413140609 0.70614 28
1771413221942 0.70918 29
1771413303455 0.7209 30
1771413384536 0.72185 31
1771413465352 0.71119 32
1771413546098 0.72434 33
1771413626972 0.65829 34
1771413708117 0.69839 35
1771413789512 0.63569 36
1771413870603 0.62157 37
1771413951713 0.65827 38
1771414032910 0.66293 39
1771414113856 0.704 40
1771414194965 0.65719 41
1771414275953 0.66896 42
1771414356638 0.67985 43
1771414437467 0.67545 44
1771414518400 0.64068 45
1771414599593 0.62385 46
1771414680655 0.63661 47
1771414761583 0.65573 48
1771414842495 0.60276 49
1771414923879 0.58878 50
1771415005366 0.60313 51
1771415086256 0.62343 52
1771415167183 0.61931 53
1771415247977 0.61396 54
1771415329248 0.59128 55
1771415410497 0.59904 56
1771415491370 0.55228 57
1771415572407 0.57778 58
1771415653355 0.53589 59
1771415734445 0.58744 60
1771415815382 0.54488 61
1771415896470 0.55585 62
1771415977487 0.53072 63
1771416058407 0.53564 64
1771416139511 0.53009 65
1771416222491 0.52293 66
1771416309106 0.52495 67
1771416390399 0.5391 68
1771416471507 0.51795 69
1771416552385 0.50497 70
1771416633198 0.49366 71
1771416714377 0.50629 72
1771416795206 0.48759 73
1771416876219 0.50996 74
1771416957113 0.50574 75
1771417038031 0.52358 76
1771417118458 0.48883 77
1771417199888 0.49662 78
1771417280954 0.46933 79
1771417361860 0.502 80
1771417442864 0.49934 81
1771417523656 0.49799 82
1771417604015 0.46347 83
1771417684948 0.52086 84
1771417765789 0.48802 85
1771417846561 0.47098 86
1771417927314 0.4494 87
1771418008031 0.49656 88
1771418088662 0.50093 89
1771418168689 0.45397 90
1771418248728 0.48132 91
1771418329919 0.46705 92
1771418410618 0.44665 93
1771418491338 0.4862 94
1771418572155 0.47063 95
1771418652929 0.44302 96
