1771410796856 4.83734 0
1771410884182 4.18349 1
1771410970413 3.66214 2
1771411055806 3.12716 3
1771411141440 2.86885 4
1771411226239 2.65868 5
1771411313000 2.29785 6
1771411397824 2.24329 7
1771411482290 2.20207 8
1771411566707 1.97037 9
1771411651303 1.95023 10
1771411735818 1.76202 11
1771411821924 1.82964 12
1771411917051 1.89477 13
1771411997847 1.66054 14
1771412078079 1.53106 15
1771412157901 1.58588 16
1771412238758 1.48508 17
1771412322332 1.43156 18
1771412406190 1.35547 19
1771412488446 1.2848 20
1771412570216 1.35606 21
1771412652193 1.23147 22
1771412733334 1.26659 23
1771412814636 1.12007 24
1771412896108 1.2155 25
1771412977569 1.12865 26
1771413059133 1.1992 27
1771413140609 1.16413 28
1771413221942 0.98761 29
1771413303455 0.96438 30
1771413384536 0.95316 31
1771413465352 0.99148 32
1771413546098 1.07282 33
1771413626972 0.99091 34
1771413708117 0.89904 35
1771413789512 0.87091 36
1771413870603 0.79961 37
1771413951713 0.86512 38
1771414032910 0.79323 39
1771414113856 0.83613 40
1771414194965 0.81283 41
1771414275953 0.80369 42
1771414356638 0.79977 43
1771414437467 0.74123 44
1771414518400 0.70104 45
1771414599593 0.67376 46
1771414680655 0.69303 47
1771414761583 0.7068 48
1771414842495 0.67871 49
1771414923879 0.62558 50
1771415005366 0.62562 51
1771415086256 0.69298 52
1771415167183 0.66476 53
1771415247977 0.64885 54
1771415329248 0.6402 55
1771415410497 0.64978 56
1771415491370 0.58567 57
1771415572407 0.65695 58
1771415653355 0.53787 59
1771415734445 0.67132 60
1771415815382 0.54803 61
1771415896470 0.56837 62
1771415977487 0.55095 63
1771416058407 0.55112 64
1771416139511 0.51586 65
1771416222491 0.55087 66
1771416309106 0.49707 67
1771416390399 0.54558 68
1771416471507 0.50827 69
1771416552385 0.51883 70
1771416633198 0.51408 71
1771416714377 0.52304 72
1771416795206 0.47016 73
1771416876219 0.5171 74
1771416957113 0.51218 75
1771417038031 0.46378 76
1771417118458 0.50092 77
1771417199888 0.47838 78
1771417280954 0.41927 79
1771417361860 0.44591 80
1771417442864 0.47923 81
1771417523656 0.455 82
1771417604015 0.44348 83
1771417684948 0.44334 84
1771417765789 0.47085 85
1771417846561 0.40531 86
1771417927314 0.44738 87
1771418008031 0.44436 88
1771418088662 0.4548 89
1771418168689 0.41697 90
1771418248728 0.44293 91
1771418329919 0.41297 92
1771418410618 0.40051 93
1771418491338 0.46541 94
1771418572155 0.38777 95
1771418652929 0.41251 96
