1771410796856 1.47782 0
1771410884182 1.08164 1
1771410970413 1.10844 2
1771411055806 1.07006 3
1771411141440 1.02894 4
1771411226239 1.04385 5
1771411313000 0.98887 6
1771411397824 0.97066 7
1771411482290 1.02696 8
1771411566707 0.9817 9
1771411651303 0.96146 10
1771411735818 0.93974 11
1771411821924 0.97391 12
1771411917051 0.96578 13
1771411997847 0.96733 14
1771412078079 0.98146 15
1771412157901 0.92153 16
1771412238758 0.92263 17
1771412322332 0.97556 18
1771412406190 0.92516 19
1771412488446 0.92311 20
1771412570216 0.94501 21
1771412652193 0.93777 22
1771412733334 0.95313 23
1771412814636 0.89272 24
1771412896108 0.90783 25
1771412977569 0.92118 26
1771413059133 0.89313 27
1771413140609 0.89606 28
1771413221942 0.93019 29
1771413303455 0.89824 30
1771413384536 0.91221 31
1771413465352 0.92783 32
1771413546098 0.92049 33
1771413626972 0.88602 34
1771413708117 0.90471 35
1771413789512 0.88416 36
1771413870603 0.8775 37
1771413951713 0.88115 38
1771414032910 0.8739 39
1771414113856 0.90015 40
1771414194965 0.87689 41
1771414275953 0.88341 42
1771414356638 0.89683 43
1771414437467 0.88151 44
1771414518400 0.89473 45
1771414599593 0.8864 46
1771414680655 0.88061 47
1771414761583 0.87286 48
1771414842495 0.84935 49
1771414923879 0.86494 50
1771415005366 0.85884 51
1771415086256 0.87292 52
1771415167183 0.86223 53
1771415247977 0.88197 54
1771415329248 0.86214 55
1771415410497 0.86351 56
1771415491370 0.85967 57
1771415572407 0.85475 58
1771415653355 0.85955 59
1771415734445 0.87232 60
1771415815382 0.84601 61
1771415896470 0.86291 62
1771415977487 0.86528 63
1771416058407 0.84427 64
1771416139511 0.84913 65
1771416222491 0.84667 66
1771416309106 0.82693 67
1771416390399 0.84446 68
1771416471507 0.83986 69
1771416552385 0.84201 70
1771416633198 0.82424 71
1771416714377 0.84768 72
1771416795206 0.83596 73
1771416876219 0.83239 74
1771416957113 0.84796 75
1771417038031 0.84797 76
1771417118458 0.84015 77
1771417199888 0.83204 78
1771417280954 0.82887 79
1771417361860 0.83713 80
1771417442864 0.83532 81
1771417523656 0.85705 82
1771417604015 0.82328 83
1771417684948 0.83178 84
1771417765789 0.8365 85
1771417846561 0.80555 86
1771417927314 0.8131 87
1771418008031 0.83133 88
1771418088662 0.84496 89
1771418168689 0.83253 90
1771418248728 0.83305 91
1771418329919 0.83892 92
1771418410618 0.83085 93
1771418491338 0.81921 94
1771418572155 0.81646 95
1771418652929 0.81011 96
