1771410712228 0.0 0
1771410722437 46.7 1
1771410732774 51.3 2
1771410743030 56.4 3
1771410753278 69.2 4
1771410763540 56.6 5
1771410773760 55.8 6
1771410783870 53.1 7
1771410794059 60.1 8
1771410804382 60.2 9
1771410814829 44.9 10
1771410825142 62.1 11
1771410835417 67.4 12
1771410845643 64.0 13
1771410855859 63.0 14
1771410866043 61.8 15
1771410876291 62.6 16
1771410886409 62.1 17
1771410896616 52.0 18
1771410907199 44.2 19
1771410917465 72.3 20
1771410927748 62.8 21
1771410938048 62.1 22
1771410948302 62.3 23
1771410958610 62.3 24
1771410968804 61.8 25
1771410979098 63.0 26
1771410989483 40.0 27
1771410999781 57.0 28
1771411010055 63.1 29
1771411020337 63.2 30
1771411030562 63.8 31
1771411040871 62.0 32
1771411051167 63.0 33
1771411061571 60.7 34
1771411071919 41.8 35
1771411082122 58.5 36
1771411092317 61.8 37
1771411102532 60.9 38
1771411112767 62.8 39
1771411122999 62.1 40
1771411133216 66.7 41
1771411143356 61.8 42
1771411153550 54.1 43
1771411163965 42.4 44
1771411174171 61.3 45
1771411184409 61.5 46
1771411194596 60.8 47
1771411204868 62.0 48
1771411215048 62.1 49
1771411225288 60.5 50
1771411235655 61.0 51
1771411246067 39.0 52
1771411256345 57.6 53
1771411266688 67.8 54
1771411276972 63.1 55
1771411287245 61.3 56
1771411297471 66.0 57
1771411307715 62.6 58
1771411318204 61.8 59
1771411328645 40.6 60
1771411338890 55.4 61
1771411349131 61.7 62
1771411359356 62.5 63
1771411369618 61.0 64
1771411379854 60.9 65
1771411390071 62.5 66
1771411400204 61.2 67
1771411410444 51.2 68
1771411420655 44.8 69
1771411430816 61.4 70
1771411440990 61.3 71
1771411451155 61.2 72
1771411461343 61.1 73
1771411471556 61.5 74
1771411481728 61.7 75
1771411492160 60.4 76
1771411502592 38.4 77
1771411512923 57.1 78
1771411523190 61.7 79
1771411533459 61.5 80
1771411543740 60.1 81
1771411554049 61.0 82
1771411564352 61.4 83
1771411574702 61.1 84
1771411585077 40.0 85
1771411595357 56.8 86
1771411605632 62.2 87
1771411615907 61.1 88
1771411626205 61.1 89
1771411636499 61.6 90
1771411646821 62.4 91
1771411657297 60.8 92
1771411667674 41.1 93
1771411677878 56.2 94
1771411688071 60.9 95
1771411698344 62.9 96
1771411708609 61.6 97
1771411718874 61.3 98
1771411729112 60.3 99
1771411739264 60.1 100
1771411749804 45.2 101
1771411760100 49.8 102
1771411770408 59.7 103
1771411780643 61.8 104
1771411790873 60.8 105
1771411801068 61.1 106
1771411811359 60.1 107
1771411821572 70.4 108
1771411831888 74.3 109
1771411842388 47.3 110
1771411852645 58.4 111
1771411862997 68.2 112
1771411873341 74.5 113
1771411883677 71.6 114
1771411894057 70.9 115
1771411904376 72.4 116
1771411914722 71.3 117
1771411925068 75.0 118
1771411935520 39.2 119
1771411945752 53.8 120
1771411955984 59.5 121
1771411966294 57.1 122
1771411976499 56.7 123
1771411986700 55.7 124
1771411997028 57.1 125
1771412007372 55.1 126
1771412017720 35.0 127
1771412028013 50.4 128
1771412038192 61.1 129
1771412048487 56.3 130
1771412058800 58.2 131
1771412069106 54.7 132
1771412079291 58.5 133
1771412089551 50.4 134
1771412099722 37.2 135
1771412109849 53.8 136
1771412120121 58.2 137
1771412130376 55.2 138
1771412140604 58.8 139
1771412150849 55.5 140
1771412160989 58.7 141
1771412171443 42.0 142
1771412181644 46.6 143
1771412191798 55.7 144
1771412202036 61.1 145
1771412212295 60.6 146
1771412222512 60.0 147
1771412232746 55.6 148
1771412242886 57.8 149
1771412253140 37.2 150
1771412263329 49.8 151
1771412273535 54.6 152
1771412283886 61.6 153
1771412294066 55.8 154
1771412304363 57.9 155
1771412314638 67.1 156
1771412324777 74.4 157
1771412335040 53.5 158
1771412345541 43.9 159
1771412355828 62.1 160
1771412366150 63.2 161
1771412376288 57.9 162
1771412386650 57.1 163
1771412396921 58.3 164
1771412407057 58.1 165
1771412417183 55.3 166
1771412427524 34.8 167
1771412437830 59.9 168
1771412448007 60.1 169
1771412458109 57.6 170
1771412468371 59.0 171
1771412478671 58.1 172
1771412488827 58.4 173
1771412498948 61.4 174
1771412509365 34.4 175
1771412519696 57.7 176
1771412529957 59.5 177
1771412540214 58.4 178
1771412550416 58.0 179
1771412560708 57.1 180
1771412570858 58.1 181
1771412580958 56.3 182
1771412591315 34.9 183
1771412601610 57.9 184
1771412611784 58.2 185
1771412621937 57.0 186
1771412632054 57.3 187
1771412642309 62.1 188
1771412652456 57.4 189
1771412662562 58.2 190
1771412672957 34.9 191
1771412683230 54.6 192
1771412693434 58.3 193
1771412703549 56.9 194
1771412713850 57.0 195
1771412724174 57.5 196
1771412734323 57.6 197
1771412744581 54.4 198
1771412754982 35.8 199
1771412765107 57.4 200
1771412775339 57.7 201
1771412785625 57.1 202
1771412795879 57.7 203
1771412806108 58.4 204
1771412816252 58.0 205
1771412826492 52.1 206
1771412836780 38.3 207
1771412847145 57.5 208
1771412857456 58.2 209
1771412867669 57.5 210
1771412877898 57.9 211
1771412888039 57.1 212
1771412898162 57.4 213
1771412908351 49.7 214
1771412918682 39.6 215
1771412928932 57.6 216
1771412939159 57.9 217
1771412949346 56.4 218
1771412959529 58.1 219
1771412969768 57.6 220
1771412979920 57.6 221
1771412990411 47.7 222
1771413000641 41.1 223
1771413010928 56.7 224
1771413021118 61.6 225
1771413031291 57.0 226
1771413041551 57.9 227
1771413051785 57.5 228
1771413061931 58.0 229
1771413072416 46.4 230
1771413082665 44.9 231
1771413092880 57.8 232
1771413103141 58.1 233
1771413113388 58.9 234
1771413123617 58.0 235
1771413133850 57.1 236
1771413144013 57.7 237
1771413154427 44.3 238
1771413164603 47.2 239
1771413174819 57.5 240
1771413185051 58.1 241
1771413195259 56.6 242
1771413205512 58.6 243
1771413215867 57.4 244
1771413226025 57.2 245
1771413236279 39.9 246
1771413246573 49.5 247
1771413256778 58.0 248
1771413267022 59.7 249
1771413277283 57.2 250
1771413287644 57.1 251
1771413297863 56.9 252
1771413308035 57.1 253
1771413318340 37.8 254
1771413328645 52.1 255
1771413338951 58.1 256
1771413349229 57.3 257
1771413359482 57.6 258
1771413369781 58.3 259
1771413380057 57.4 260
1771413390440 57.4 261
1771413400959 38.2 262
1771413411180 51.8 263
1771413421433 58.2 264
1771413431767 58.1 265
1771413442041 57.8 266
1771413452328 57.5 267
1771413462610 57.9 268
1771413472813 57.3 269
1771413483285 36.8 270
1771413493595 53.3 271
1771413503880 57.9 272
1771413514190 58.2 273
1771413524509 56.8 274
1771413534909 58.3 275
1771413545292 58.7 276
1771413555636 58.6 277
1771413566033 36.0 278
1771413576297 54.1 279
1771413586523 57.6 280
1771413596719 55.9 281
1771413606902 57.7 282
1771413617136 56.9 283
1771413627285 58.1 284
1771413637412 57.6 285
1771413647748 33.7 286
1771413657997 55.5 287
1771413668225 57.4 288
1771413678379 56.9 289
1771413688611 57.0 290
1771413698893 57.6 291
1771413709052 57.6 292
1771413719389 53.8 293
1771413729760 35.6 294
1771413739885 57.8 295
1771413750138 57.6 296
1771413760411 56.7 297
1771413770651 58.4 298
1771413780940 57.1 299
1771413791096 58.0 300
1771413801353 51.3 301
1771413811868 38.6 302
1771413822145 56.7 303
1771413832342 57.9 304
1771413842576 57.9 305
1771413852752 57.6 306
1771413863004 56.7 307
1771413873146 58.9 308
1771413883651 47.0 309
1771413893885 42.3 310
1771413904121 57.9 311
1771413914300 57.3 312
1771413924557 56.9 313
1771413934814 57.7 314
1771413945101 57.8 315
1771413955256 57.4 316
1771413965612 43.2 317
1771413975821 47.0 318
1771413986099 57.8 319
1771413996325 57.8 320
1771414006543 57.0 321
1771414016775 57.8 322
1771414027102 58.1 323
1771414037290 57.7 324
1771414047719 39.2 325
1771414057971 51.3 326
1771414068211 57.5 327
1771414078506 57.4 328
1771414088775 57.2 329
1771414099058 57.5 330
1771414109350 57.9 331
1771414119748 58.6 332
1771414130320 38.6 333
1771414140582 51.3 334
1771414150807 57.6 335
1771414161121 57.8 336
1771414171403 58.8 337
1771414181688 58.3 338
1771414191970 57.6 339
1771414202250 57.4 340
1771414212678 37.1 341
1771414222942 52.4 342
1771414233222 58.7 343
1771414243505 57.8 344
1771414253782 58.6 345
1771414264080 57.0 346
1771414274348 58.0 347
1771414284691 57.6 348
1771414295109 37.5 349
1771414305441 52.9 350
1771414315778 57.6 351
1771414326004 57.5 352
1771414336248 57.4 353
1771414346478 58.1 354
1771414356697 58.2 355
1771414366811 57.4 356
1771414377211 34.0 357
1771414387484 55.1 358
1771414397682 58.2 359
1771414407807 56.7 360
1771414418192 57.3 361
1771414428529 56.5 362
1771414438710 56.8 363
1771414448923 54.3 364
1771414459163 37.1 365
1771414469401 56.9 366
1771414479693 57.5 367
1771414489978 56.8 368
1771414500222 58.2 369
1771414510375 56.8 370
1771414520528 58.1 371
1771414530904 48.8 372
1771414541214 40.7 373
1771414551467 57.3 374
1771414561673 57.4 375
1771414571846 57.4 376
1771414582103 56.7 377
1771414592335 57.5 378
1771414602476 58.4 379
1771414612887 46.0 380
1771414623083 44.5 381
1771414633258 57.0 382
1771414643529 56.9 383
1771414653750 57.7 384
1771414664035 57.3 385
1771414674215 58.1 386
1771414684372 57.6 387
1771414694683 41.3 388
1771414704948 47.9 389
1771414715164 57.0 390
1771414725382 57.5 391
1771414735610 60.5 392
1771414745930 57.2 393
1771414756166 57.9 394
1771414766630 57.6 395
1771414776991 38.4 396
1771414787274 51.3 397
1771414797634 56.3 398
1771414807875 57.9 399
1771414818138 57.9 400
1771414828443 58.2 401
1771414838741 57.1 402
1771414849062 57.8 403
1771414859434 38.1 404
1771414869710 52.2 405
1771414880032 58.0 406
1771414890289 58.6 407
1771414900570 58.3 408
1771414910873 57.5 409
1771414921157 56.9 410
1771414931335 57.6 411
1771414941815 37.6 412
1771414952101 52.1 413
1771414962370 59.4 414
1771414972675 58.4 415
1771414983016 57.6 416
1771414993333 58.7 417
1771415003667 58.3 418
1771415013965 57.0 419
1771415024491 36.4 420
1771415034836 53.2 421
1771415045026 58.3 422
1771415055193 58.0 423
1771415065386 58.5 424
1771415075642 57.4 425
1771415085867 57.4 426
1771415096115 57.6 427
1771415106458 35.8 428
1771415116731 53.5 429
1771415126986 57.1 430
1771415137213 57.2 431
1771415147402 57.7 432
1771415157755 56.2 433
1771415167921 58.3 434
1771415178190 54.8 435
1771415188580 33.6 436
1771415198742 55.8 437
1771415209115 57.7 438
1771415219423 57.4 439
1771415229641 57.6 440
1771415239809 56.9 441
1771415249948 57.3 442
1771415260137 49.7 443
1771415270479 39.5 444
1771415280772 56.6 445
1771415291019 57.9 446
1771415301277 57.3 447
1771415311511 57.0 448
1771415321770 57.3 449
1771415331930 58.2 450
1771415342467 46.6 451
1771415352735 44.9 452
1771415362956 57.9 453
1771415373216 59.0 454
1771415383494 57.5 455
1771415393711 57.8 456
1771415403969 57.0 457
1771415414120 57.8 458
1771415424481 42.4 459
1771415434757 48.8 460
1771415445006 57.7 461
1771415455313 58.2 462
1771415465675 57.4 463
1771415476016 57.9 464
1771415486280 57.4 465
1771415496798 58.4 466
1771415507209 38.6 467
1771415517586 52.5 468
1771415527853 57.7 469
1771415538144 57.8 470
1771415548446 57.7 471
1771415558719 57.6 472
1771415569054 58.0 473
1771415579417 57.1 474
1771415589792 38.5 475
1771415600115 52.7 476
1771415610344 59.2 477
1771415620607 59.0 478
1771415630906 57.3 479
1771415641276 57.9 480
1771415651648 58.3 481
1771415662024 57.9 482
1771415672466 37.2 483
1771415682796 52.8 484
1771415693050 57.7 485
1771415703290 58.3 486
1771415713537 57.6 487
1771415723772 56.5 488
1771415734012 57.4 489
1771415744272 57.4 490
1771415754583 36.3 491
1771415764790 54.0 492
1771415774964 57.8 493
1771415785235 57.2 494
1771415795379 57.7 495
1771415805630 57.3 496
1771415815813 56.4 497
1771415825926 56.7 498
1771415836299 34.1 499
1771415846518 56.5 500
1771415856675 58.0 501
1771415866812 57.3 502
1771415877135 56.6 503
1771415887466 56.7 504
1771415897635 57.4 505
1771415907882 53.3 506
1771415918241 36.7 507
1771415928563 56.3 508
1771415938883 57.2 509
1771415949147 56.8 510
1771415959397 57.2 511
1771415969637 58.2 512
1771415979794 57.8 513
1771415990280 48.2 514
1771416000500 41.9 515
1771416010758 57.6 516
1771416021007 57.7 517
1771416031268 56.2 518
1771416041474 58.6 519
1771416051773 57.6 520
1771416061940 58.1 521
1771416072337 42.7 522
1771416082599 46.9 523
1771416092847 57.8 524
1771416103088 58.1 525
1771416113348 57.9 526
1771416123697 57.2 527
1771416133946 57.7 528
1771416144214 57.3 529
1771416154609 38.4 530
1771416164858 51.5 531
1771416175265 57.0 532
1771416185532 57.7 533
1771416195730 60.5 534
1771416206010 63.4 535
1771416216315 64.4 536
1771416226498 63.6 537
1771416236965 46.9 538
1771416247229 54.4 539
1771416257552 67.6 540
1771416267925 64.5 541
1771416278348 65.9 542
1771416288746 65.2 543
1771416299092 64.4 544
1771416309274 64.8 545
1771416319399 64.2 546
1771416329910 33.9 547
1771416340257 55.1 548
1771416350506 57.9 549
1771416360648 57.4 550
1771416370995 57.0 551
1771416381330 57.3 552
1771416391492 58.0 553
1771416401721 53.3 554
1771416412018 35.6 555
1771416422418 57.0 556
1771416432780 56.9 557
1771416443067 58.0 558
1771416453305 57.7 559
1771416463468 56.8 560
1771416473627 57.1 561
1771416484065 48.9 562
1771416494375 40.5 563
1771416504645 57.4 564
1771416514870 57.7 565
1771416525109 56.8 566
1771416535327 57.1 567
1771416545578 57.4 568
1771416555754 57.5 569
1771416566155 43.2 570
1771416576341 46.7 571
1771416586642 56.9 572
1771416596902 58.2 573
1771416607188 57.9 574
1771416617541 58.2 575
1771416627768 57.3 576
1771416638193 57.9 577
1771416648563 38.0 578
1771416658810 50.8 579
1771416669145 57.4 580
1771416679418 58.2 581
1771416689672 58.3 582
1771416699925 57.4 583
1771416710259 57.8 584
1771416720650 57.3 585
1771416730995 38.0 586
1771416741222 52.1 587
1771416751543 57.8 588
1771416761841 58.5 589
1771416772113 57.7 590
1771416782383 57.9 591
1771416792703 58.0 592
1771416803075 57.8 593
1771416813492 37.2 594
1771416823741 53.1 595
1771416833999 56.8 596
1771416844287 58.5 597
1771416854598 57.8 598
1771416864765 57.5 599
1771416874953 58.0 600
1771416885274 57.4 601
1771416895710 36.1 602
1771416906006 53.3 603
1771416916342 58.1 604
1771416926660 57.6 605
1771416936940 57.4 606
1771416947110 57.6 607
1771416957283 57.1 608
1771416967426 56.2 609
1771416977889 33.3 610
1771416988227 55.2 611
1771416998477 57.0 612
1771417008796 57.0 613
1771417019116 57.5 614
1771417029406 57.2 615
1771417039575 57.9 616
1771417049829 51.7 617
1771417060203 39.3 618
1771417070566 56.4 619
1771417080882 57.6 620
1771417091073 56.2 621
1771417101336 57.7 622
1771417111585 56.3 623
1771417121757 57.7 624
1771417132212 42.7 625
1771417142389 46.2 626
1771417152562 58.0 627
1771417162836 60.0 628
1771417173078 58.3 629
1771417183384 58.4 630
1771417193739 56.9 631
1771417203918 57.7 632
1771417214207 41.2 633
1771417224487 48.6 634
1771417234722 57.1 635
1771417244974 57.8 636
1771417255399 57.0 637
1771417265684 57.8 638
1771417275893 58.0 639
1771417286277 57.5 640
1771417296721 38.0 641
1771417307091 51.5 642
1771417317359 57.1 643
1771417327604 58.1 644
1771417337964 57.3 645
1771417348193 57.6 646
1771417358438 57.7 647
1771417368758 57.7 648
1771417379094 36.3 649
1771417389462 51.9 650
1771417399800 57.8 651
1771417410090 57.8 652
1771417420396 57.9 653
1771417430704 57.1 654
1771417440995 57.2 655
1771417451311 58.5 656
1771417461771 36.9 657
1771417472128 53.2 658
1771417482447 57.8 659
1771417492665 58.2 660
1771417502850 56.4 661
1771417513195 57.6 662
1771417523410 57.8 663
1771417533588 57.0 664
1771417544049 35.0 665
1771417554391 53.1 666
1771417564565 57.5 667
1771417574954 57.0 668
1771417585282 56.8 669
1771417595607 57.5 670
1771417605767 57.3 671
1771417616155 50.3 672
1771417626681 39.4 673
1771417636992 56.2 674
1771417647237 57.0 675
1771417657499 57.5 676
1771417667750 57.0 677
1771417678009 57.2 678
1771417688170 58.0 679
1771417698620 43.6 680
1771417708811 46.0 681
1771417719068 58.4 682
1771417729273 57.0 683
1771417739528 56.9 684
1771417749821 56.8 685
1771417760143 57.4 686
1771417770297 57.3 687
1771417780660 37.9 688
1771417790939 51.2 689
1771417801274 56.7 690
1771417811507 58.3 691
1771417821805 57.5 692
1771417832002 57.9 693
1771417842308 58.3 694
1771417852774 57.0 695
1771417863178 38.5 696
1771417873400 52.2 697
1771417883694 57.0 698
1771417893945 57.8 699
1771417904267 57.9 700
1771417914581 57.0 701
1771417924899 57.5 702
1771417935312 57.1 703
1771417945732 36.5 704
1771417956053 53.1 705
1771417966376 57.1 706
1771417976677 58.0 707
1771417986990 56.7 708
1771417997288 57.9 709
1771418007511 57.0 710
1771418017794 56.6 711
1771418028105 35.9 712
1771418038317 54.7 713
1771418048620 56.8 714
1771418058899 56.4 715
1771418069121 62.8 716
1771418079389 59.5 717
1771418089558 56.9 718
1771418099811 52.2 719
1771418110079 34.9 720
1771418120434 56.4 721
1771418130729 57.2 722
1771418141016 57.4 723
1771418151251 57.7 724
1771418161514 57.3 725
1771418171675 57.2 726
1771418182192 42.4 727
1771418192434 45.9 728
1771418202685 56.7 729
1771418212973 57.3 730
1771418223190 54.7 731
1771418233439 56.2 732
1771418243664 56.2 733
1771418254130 57.9 734
1771418264578 37.7 735
1771418274959 52.1 736
1771418285207 59.7 737
1771418295418 58.5 738
1771418305725 57.2 739
1771418316082 57.9 740
1771418326351 58.0 741
1771418336721 58.2 742
1771418347011 37.8 743
1771418357338 52.1 744
1771418367652 57.6 745
1771418377917 57.0 746
1771418388229 58.0 747
1771418398562 57.6 748
1771418408889 57.1 749
1771418419257 57.2 750
1771418429726 36.9 751
1771418440031 54.2 752
1771418450397 57.4 753
1771418460690 57.7 754
1771418471013 57.4 755
1771418481227 58.3 756
1771418491426 56.5 757
1771418501567 57.2 758
1771418511990 34.0 759
1771418522246 54.9 760
1771418532452 57.4 761
1771418542739 57.2 762
1771418553049 57.1 763
1771418563351 57.0 764
1771418573548 57.4 765
1771418583809 51.7 766
1771418594239 37.6 767
1771418604559 56.7 768
1771418614849 56.5 769
1771418625117 56.8 770
1771418635383 57.5 771
1771418645647 57.4 772
1771418655805 57.3 773
1771418665991 45.4 774
1771418676436 41.5 775
