1771410712228 418966.1 0
1771410722437 418966.1 1
1771410732774 418966.1 2
1771410743030 418966.2 3
1771410753278 418966.2 4
1771410763540 418966.2 5
1771410773760 418966.2 6
1771410783870 418966.2 7
1771410794059 418966.2 8
1771410804382 418967.0 9
1771410814829 418967.1 10
1771410825142 418967.1 11
1771410835417 418966.7 12
1771410845643 418966.7 13
1771410855859 418966.7 14
1771410866043 418966.7 15
1771410876291 418966.8 16
1771410886409 418966.8 17
1771410896616 418967.8 18
1771410907199 418967.8 19
1771410917465 418967.9 20
1771410927748 418967.9 21
1771410938048 418967.9 22
1771410948302 418967.9 23
1771410958610 418967.9 24
1771410968804 418967.9 25
1771410979098 418968.0 26
1771410989483 418968.0 27
1771410999781 418968.0 28
1771411010055 418968.0 29
1771411020337 418968.0 30
1771411030562 418968.0 31
1771411040871 418967.9 32
1771411051167 418968.2 33
1771411061571 418968.2 34
1771411071919 418968.3 35
1771411082122 418968.3 36
1771411092317 418968.3 37
1771411102532 418968.3 38
1771411112767 418968.4 39
1771411122999 418968.4 40
1771411133216 418968.4 41
1771411143356 418968.5 42
1771411153550 418968.5 43
1771411163965 418968.5 44
1771411174171 418968.5 45
1771411184409 418968.3 46
1771411194596 418968.3 47
1771411204868 418968.4 48
1771411215048 418968.4 49
1771411225288 418968.4 50
1771411235655 418968.5 51
1771411246067 418968.5 52
1771411256345 418968.5 53
1771411266688 418968.5 54
1771411276972 418968.6 55
1771411287245 418968.9 56
1771411297471 418968.9 57
1771411307715 418969.4 58
1771411318204 418969.4 59
1771411328645 418969.3 60
1771411338890 418937.0 61
1771411349131 418937.1 62
1771411359356 418937.1 63
1771411369618 418937.1 64
1771411379854 418937.1 65
1771411390071 418937.1 66
1771411400204 418937.1 67
1771411410444 418937.1 68
1771411420655 418921.3 69
1771411430816 418937.3 70
1771411440990 418937.3 71
1771411451155 418937.3 72
1771411461343 418937.4 73
1771411471556 418937.4 74
1771411481728 418937.4 75
1771411492160 418937.4 76
1771411502592 418937.4 77
1771411512923 418937.4 78
1771411523190 418937.4 79
1771411533459 418937.5 80
1771411543740 418937.5 81
1771411554049 418937.5 82
1771411564352 418937.5 83
1771411574702 418937.5 84
1771411585077 418937.5 85
1771411595357 418937.5 86
1771411605632 418937.5 87
1771411615907 418937.5 88
1771411626205 418937.5 89
1771411636499 418937.6 90
1771411646821 418937.6 91
1771411657297 418937.6 92
1771411667674 418937.6 93
1771411677878 418937.6 94
1771411688071 418937.6 95
1771411698344 418937.7 96
1771411708609 418937.8 97
1771411718874 418938.0 98
1771411729112 418938.0 99
1771411739264 418938.0 100
1771411749804 418938.1 101
1771411760100 418938.1 102
1771411770408 418938.1 103
1771411780643 418938.1 104
1771411790873 418941.9 105
1771411801068 418943.0 106
1771411811359 418943.0 107
1771411821572 418943.3 108
1771411831888 418943.6 109
1771411842388 418945.3 110
1771411852645 418945.1 111
1771411862997 418956.5 112
1771411873341 418943.8 113
1771411883677 418944.7 114
1771411894057 418944.7 115
1771411904376 418944.8 116
1771411914722 418944.8 117
1771411925068 418893.4 118
1771411935520 418893.5 119
1771411945752 418893.7 120
1771411955984 418893.8 121
1771411966294 418893.8 122
1771411976499 418893.8 123
1771411986700 418893.8 124
1771411997028 418893.8 125
1771412007372 418894.3 126
1771412017720 418894.3 127
1771412028013 418894.3 128
1771412038192 418894.3 129
1771412048487 418894.3 130
1771412058800 418894.3 131
1771412069106 418894.3 132
1771412079291 418894.3 133
1771412089551 418894.3 134
1771412099722 418894.3 135
1771412109849 418894.3 136
1771412120121 418894.3 137
1771412130376 418894.3 138
1771412140604 418894.3 139
1771412150849 418894.8 140
1771412160989 418894.8 141
1771412171443 418894.8 142
1771412181644 418894.8 143
1771412191798 418894.8 144
1771412202036 418894.9 145
1771412212295 418894.9 146
1771412222512 418894.9 147
1771412232746 418894.9 148
1771412242886 418894.9 149
1771412253140 418894.9 150
1771412263329 418894.9 151
1771412273535 418894.9 152
1771412283886 418894.9 153
1771412294066 418894.9 154
1771412304363 418895.0 155
1771412314638 418895.1 156
1771412324777 418896.3 157
1771412335040 418918.7 158
1771412345541 418918.8 159
1771412355828 418918.8 160
1771412366150 418918.7 161
1771412376288 418918.7 162
1771412386650 418918.7 163
1771412396921 418918.7 164
1771412407057 418918.7 165
1771412417183 418918.7 166
1771412427524 418918.7 167
1771412437830 418918.7 168
1771412448007 418918.7 169
1771412458109 418919.8 170
1771412468371 418920.1 171
1771412478671 418920.1 172
1771412488827 418920.1 173
1771412498948 418921.7 174
1771412509365 418921.7 175
1771412519696 418921.7 176
1771412529957 418921.7 177
1771412540214 418921.7 178
1771412550416 418921.7 179
1771412560708 418921.7 180
1771412570858 418921.7 181
1771412580958 418921.7 182
1771412591315 418921.7 183
1771412601610 418921.7 184
1771412611784 418921.8 185
1771412621937 418921.8 186
1771412632054 418921.8 187
1771412642309 418921.8 188
1771412652456 418921.8 189
1771412662562 418921.8 190
1771412672957 418921.8 191
1771412683230 418921.8 192
1771412693434 418921.8 193
1771412703549 418921.8 194
1771412713850 418921.8 195
1771412724174 418921.8 196
1771412734323 418921.8 197
1771412744581 418921.8 198
1771412754982 418922.3 199
1771412765107 418922.3 200
1771412775339 418922.3 201
1771412785625 418922.3 202
1771412795879 418922.3 203
1771412806108 418922.3 204
1771412816252 418922.3 205
1771412826492 418922.3 206
1771412836780 418922.3 207
1771412847145 418922.3 208
1771412857456 418922.4 209
1771412867669 418922.4 210
1771412877898 418922.4 211
1771412888039 418922.4 212
1771412898162 418922.4 213
1771412908351 418922.4 214
1771412918682 418922.4 215
1771412928932 418922.4 216
1771412939159 418922.4 217
1771412949346 418922.4 218
1771412959529 418922.4 219
1771412969768 418922.4 220
1771412979920 418922.4 221
1771412990411 418922.4 222
1771413000641 418922.4 223
1771413010928 418922.4 224
1771413021118 418922.4 225
1771413031291 418922.4 226
1771413041551 418922.4 227
1771413051785 418922.4 228
1771413061931 418922.4 229
1771413072416 418922.4 230
1771413082665 418922.1 231
1771413092880 418922.1 232
1771413103141 418922.1 233
1771413113388 418922.1 234
1771413123617 418922.1 235
1771413133850 418922.1 236
1771413144013 418922.1 237
1771413154427 418922.1 238
1771413164603 418922.2 239
1771413174819 418922.2 240
1771413185051 418922.2 241
1771413195259 418922.2 242
1771413205512 418922.2 243
1771413215867 418922.2 244
1771413226025 418922.7 245
1771413236279 418922.7 246
1771413246573 418922.7 247
1771413256778 418922.7 248
1771413267022 418922.7 249
1771413277283 418922.7 250
1771413287644 418922.7 251
1771413297863 418923.7 252
1771413308035 418923.7 253
1771413318340 418924.8 254
1771413328645 418924.8 255
1771413338951 418924.8 256
1771413349229 418924.8 257
1771413359482 418924.8 258
1771413369781 418924.8 259
1771413380057 418925.1 260
1771413390440 418925.1 261
1771413400959 418925.1 262
1771413411180 418925.1 263
1771413421433 418925.1 264
1771413431767 418925.1 265
1771413442041 418925.1 266
1771413452328 418925.1 267
1771413462610 418925.1 268
1771413472813 418925.1 269
1771413483285 418925.1 270
1771413493595 418925.1 271
1771413503880 418925.1 272
1771413514190 418925.1 273
1771413524509 418925.1 274
1771413534909 418925.1 275
1771413545292 418925.1 276
1771413555636 418925.1 277
1771413566033 418925.7 278
1771413576297 418925.7 279
1771413586523 418925.7 280
1771413596719 418925.7 281
1771413606902 418925.7 282
1771413617136 418925.7 283
1771413627285 418925.7 284
1771413637412 418925.7 285
1771413647748 418925.7 286
1771413657997 418925.7 287
1771413668225 418925.7 288
1771413678379 418925.7 289
1771413688611 418925.7 290
1771413698893 418925.7 291
1771413709052 418925.7 292
1771413719389 418925.7 293
1771413729760 418925.7 294
1771413739885 418925.7 295
1771413750138 418925.7 296
1771413760411 418925.7 297
1771413770651 418925.7 298
1771413780940 418925.7 299
1771413791096 418925.7 300
1771413801353 418925.7 301
1771413811868 418925.7 302
1771413822145 418925.8 303
1771413832342 418925.8 304
1771413842576 418925.8 305
1771413852752 418925.8 306
1771413863004 418925.8 307
1771413873146 418925.8 308
1771413883651 418925.8 309
1771413893885 418925.8 310
1771413904121 418925.8 311
1771413914300 418925.8 312
1771413924557 418925.8 313
1771413934814 418925.8 314
1771413945101 418925.8 315
1771413955256 418925.8 316
1771413965612 418925.8 317
1771413975821 418925.8 318
1771413986099 418925.8 319
1771413996325 418925.8 320
1771414006543 418925.8 321
1771414016775 418925.8 322
1771414027102 418925.8 323
1771414037290 418925.8 324
1771414047719 418925.8 325
1771414057971 418925.8 326
1771414068211 418925.8 327
1771414078506 418925.8 328
1771414088775 418925.8 329
1771414099058 418925.8 330
1771414109350 418925.8 331
1771414119748 418925.8 332
1771414130320 418925.8 333
1771414140582 418926.8 334
1771414150807 418926.8 335
1771414161121 418926.8 336
1771414171403 418926.8 337
1771414181688 418926.8 338
1771414191970 418926.8 339
1771414202250 418926.8 340
1771414212678 418926.8 341
1771414222942 418926.8 342
1771414233222 418926.8 343
1771414243505 418926.8 344
1771414253782 418926.8 345
1771414264080 418926.8 346
1771414274348 418926.8 347
1771414284691 418926.8 348
1771414295109 418926.8 349
1771414305441 418926.8 350
1771414315778 418926.8 351
1771414326004 418926.8 352
1771414336248 418926.8 353
1771414346478 418926.8 354
1771414356697 418927.4 355
1771414366811 418927.4 356
1771414377211 418927.4 357
1771414387484 418927.4 358
1771414397682 418927.4 359
1771414407807 418927.4 360
1771414418192 418927.4 361
1771414428529 418927.4 362
1771414438710 418927.4 363
1771414448923 418927.4 364
1771414459163 418927.4 365
1771414469401 418927.4 366
1771414479693 418927.4 367
1771414489978 418927.4 368
1771414500222 418927.4 369
1771414510375 418927.4 370
1771414520528 418927.4 371
1771414530904 418927.4 372
1771414541214 418927.4 373
1771414551467 418927.4 374
1771414561673 418927.4 375
1771414571846 418927.4 376
1771414582103 418927.9 377
1771414592335 418927.9 378
1771414602476 418927.9 379
1771414612887 418927.9 380
1771414623083 418927.9 381
1771414633258 418927.9 382
1771414643529 418927.9 383
1771414653750 418927.9 384
1771414664035 418927.9 385
1771414674215 418927.9 386
1771414684372 418927.9 387
1771414694683 418927.9 388
1771414704948 418927.9 389
1771414715164 418927.9 390
1771414725382 418927.9 391
1771414735610 418927.9 392
1771414745930 418927.9 393
1771414756166 418927.9 394
1771414766630 418927.9 395
1771414776991 418927.9 396
1771414787274 418927.9 397
1771414797634 418927.9 398
1771414807875 418927.9 399
1771414818138 418927.9 400
1771414828443 418927.9 401
1771414838741 418927.9 402
1771414849062 418927.9 403
1771414859434 418928.1 404
1771414869710 418928.1 405
1771414880032 418928.2 406
1771414890289 418928.4 407
1771414900570 418928.4 408
1771414910873 418928.4 409
1771414921157 418928.4 410
1771414931335 418928.4 411
1771414941815 418928.6 412
1771414952101 418928.6 413
1771414962370 418928.7 414
1771414972675 418928.8 415
1771414983016 418928.8 416
1771414993333 418928.8 417
1771415003667 418928.8 418
1771415013965 418928.8 419
1771415024491 418928.8 420
1771415034836 418928.9 421
1771415045026 418928.9 422
1771415055193 418928.9 423
1771415065386 418928.9 424
1771415075642 418928.9 425
1771415085867 418928.9 426
1771415096115 418930.0 427
1771415106458 418930.5 428
1771415116731 418930.5 429
1771415126986 418930.5 430
1771415137213 418930.5 431
1771415147402 418930.5 432
1771415157755 418930.5 433
1771415167921 418930.5 434
1771415178190 418930.5 435
1771415188580 418930.5 436
1771415198742 418930.5 437
1771415209115 418930.5 438
1771415219423 418930.5 439
1771415229641 418930.5 440
1771415239809 418930.5 441
1771415249948 418930.5 442
1771415260137 418930.5 443
1771415270479 418930.5 444
1771415280772 418930.5 445
1771415291019 418930.5 446
1771415301277 418930.5 447
1771415311511 418930.5 448
1771415321770 418930.5 449
1771415331930 418930.5 450
1771415342467 418930.5 451
1771415352735 418930.5 452
1771415362956 418930.5 453
1771415373216 418930.5 454
1771415383494 418926.9 455
1771415393711 418926.9 456
1771415403969 418926.9 457
1771415414120 418926.9 458
1771415424481 418926.9 459
1771415434757 418926.9 460
1771415445006 418926.9 461
1771415455313 418926.9 462
1771415465675 418926.9 463
1771415476016 418926.9 464
1771415486280 418926.9 465
1771415496798 418927.0 466
1771415507209 418927.0 467
1771415517586 418927.0 468
1771415527853 418926.9 469
1771415538144 418926.9 470
1771415548446 418926.9 471
1771415558719 418926.9 472
1771415569054 418926.9 473
1771415579417 418926.9 474
1771415589792 418927.1 475
1771415600115 418927.1 476
1771415610344 418927.1 477
1771415620607 418927.1 478
1771415630906 418927.1 479
1771415641276 418927.1 480
1771415651648 418927.1 481
1771415662024 418927.1 482
1771415672466 418927.1 483
1771415682796 418927.1 484
1771415693050 418927.1 485
1771415703290 418927.1 486
1771415713537 418927.6 487
1771415723772 418927.6 488
1771415734012 418927.6 489
1771415744272 418927.6 490
1771415754583 418927.6 491
1771415764790 418927.6 492
1771415774964 418928.2 493
1771415785235 418928.2 494
1771415795379 418928.2 495
1771415805630 418928.2 496
1771415815813 418929.2 497
1771415825926 418929.2 498
1771415836299 418929.2 499
1771415846518 418929.2 500
1771415856675 418929.2 501
1771415866812 418929.2 502
1771415877135 418929.2 503
1771415887466 418929.2 504
1771415897635 418929.2 505
1771415907882 418929.2 506
1771415918241 418929.8 507
1771415928563 418929.8 508
1771415938883 418929.8 509
1771415949147 418929.8 510
1771415959397 418929.8 511
1771415969637 418929.8 512
1771415979794 418929.8 513
1771415990280 418929.8 514
1771416000500 418929.8 515
1771416010758 418929.8 516
1771416021007 418929.8 517
1771416031268 418929.8 518
1771416041474 418929.8 519
1771416051773 418929.8 520
1771416061940 418929.8 521
1771416072337 418929.8 522
1771416082599 418929.8 523
1771416092847 418929.8 524
1771416103088 418929.8 525
1771416113348 418929.8 526
1771416123697 418929.8 527
1771416133946 418929.8 528
1771416144214 418929.8 529
1771416154609 418929.8 530
1771416164858 418929.8 531
1771416175265 418929.8 532
1771416185532 418929.8 533
1771416195730 418929.8 534
1771416206010 418929.8 535
1771416216315 418929.8 536
1771416226498 418929.8 537
1771416236965 418929.9 538
1771416247229 418929.9 539
1771416257552 418929.9 540
1771416267925 418929.9 541
1771416278348 418929.9 542
1771416288746 418929.9 543
1771416299092 418929.9 544
1771416309274 418929.9 545
1771416319399 418929.9 546
1771416329910 418929.9 547
1771416340257 418929.9 548
1771416350506 418929.9 549
1771416360648 418922.5 550
1771416370995 418922.5 551
1771416381330 418922.5 552
1771416391492 418922.5 553
1771416401721 418922.5 554
1771416412018 418922.5 555
1771416422418 418922.5 556
1771416432780 418922.5 557
1771416443067 418922.5 558
1771416453305 418922.5 559
1771416463468 418922.5 560
1771416473627 418922.5 561
1771416484065 418922.5 562
1771416494375 418922.5 563
1771416504645 418922.5 564
1771416514870 418922.5 565
1771416525109 418922.5 566
1771416535327 418922.5 567
1771416545578 418922.5 568
1771416555754 418922.5 569
1771416566155 418922.5 570
1771416576341 418922.5 571
1771416586642 418922.5 572
1771416596902 418922.5 573
1771416607188 418922.5 574
1771416617541 418922.5 575
1771416627768 418922.5 576
1771416638193 418922.5 577
1771416648563 418922.5 578
1771416658810 418922.5 579
1771416669145 418922.5 580
1771416679418 418922.5 581
1771416689672 418922.5 582
1771416699925 418923.0 583
1771416710259 418923.0 584
1771416720650 418923.0 585
1771416730995 418923.0 586
1771416741222 418923.0 587
1771416751543 418923.0 588
1771416761841 418923.0 589
1771416772113 418923.1 590
1771416782383 418924.1 591
1771416792703 418924.1 592
1771416803075 418924.1 593
1771416813492 418924.1 594
1771416823741 418924.1 595
1771416833999 418924.1 596
1771416844287 418924.1 597
1771416854598 418924.1 598
1771416864765 418924.1 599
1771416874953 418924.1 600
1771416885274 418924.1 601
1771416895710 418924.1 602
1771416906006 418924.1 603
1771416916342 418924.1 604
1771416926660 418924.1 605
1771416936940 418924.1 606
1771416947110 418924.1 607
1771416957283 418924.1 608
1771416967426 418924.1 609
1771416977889 418924.1 610
1771416988227 418924.1 611
1771416998477 418924.1 612
1771417008796 418924.1 613
1771417019116 418924.1 614
1771417029406 418924.1 615
1771417039575 418924.1 616
1771417049829 418924.1 617
1771417060203 418924.6 618
1771417070566 418924.6 619
1771417080882 418924.7 620
1771417091073 418924.7 621
1771417101336 418924.7 622
1771417111585 418924.7 623
1771417121757 418924.7 624
1771417132212 418924.7 625
1771417142389 418924.7 626
1771417152562 418924.7 627
1771417162836 418924.7 628
1771417173078 418924.7 629
1771417183384 418924.7 630
1771417193739 418924.7 631
1771417203918 418924.7 632
1771417214207 418924.7 633
1771417224487 418924.7 634
1771417234722 418924.7 635
1771417244974 418924.7 636
1771417255399 418924.7 637
1771417265684 418924.7 638
1771417275893 418924.7 639
1771417286277 418924.7 640
1771417296721 418924.7 641
1771417307091 418924.7 642
1771417317359 418924.7 643
1771417327604 418924.7 644
1771417337964 418924.7 645
1771417348193 418924.7 646
1771417358438 418924.7 647
1771417368758 418924.7 648
1771417379094 418924.8 649
1771417389462 418924.8 650
1771417399800 418924.8 651
1771417410090 418924.8 652
1771417420396 418924.8 653
1771417430704 418924.8 654
1771417440995 418924.8 655
1771417451311 418924.8 656
1771417461771 418924.8 657
1771417472128 418924.8 658
1771417482447 418924.8 659
1771417492665 418924.8 660
1771417502850 418924.8 661
1771417513195 418924.8 662
1771417523410 418924.8 663
1771417533588 418924.8 664
1771417544049 418924.8 665
1771417554391 418925.9 666
1771417564565 418925.9 667
1771417574954 418925.9 668
1771417585282 418925.9 669
1771417595607 418925.9 670
1771417605767 418925.9 671
1771417616155 418925.9 672
1771417626681 418925.9 673
1771417636992 418925.9 674
1771417647237 418925.9 675
1771417657499 418925.9 676
1771417667750 418925.9 677
1771417678009 418925.9 678
1771417688170 418925.9 679
1771417698620 418925.9 680
1771417708811 418925.9 681
1771417719068 418925.9 682
1771417729273 418925.9 683
1771417739528 418925.9 684
1771417749821 418925.9 685
1771417760143 418925.9 686
1771417770297 418925.9 687
1771417780660 418925.9 688
1771417790939 418925.9 689
1771417801274 418925.9 690
1771417811507 418925.9 691
1771417821805 418925.9 692
1771417832002 418925.9 693
1771417842308 418925.9 694
1771417852774 418925.9 695
1771417863178 418925.9 696
1771417873400 418925.9 697
1771417883694 418925.9 698
1771417893945 418925.9 699
1771417904267 418925.9 700
1771417914581 418925.9 701
1771417924899 418925.9 702
1771417935312 418925.9 703
1771417945732 418925.9 704
1771417956053 418925.9 705
1771417966376 418925.9 706
1771417976677 418925.9 707
1771417986990 418925.9 708
1771417997288 418925.9 709
1771418007511 418925.9 710
1771418017794 418925.9 711
1771418028105 418925.9 712
1771418038317 418925.9 713
1771418048620 418925.9 714
1771418058899 418925.9 715
1771418069121 418925.9 716
1771418079389 418925.9 717
1771418089558 418925.9 718
1771418099811 418925.9 719
1771418110079 418925.9 720
1771418120434 418925.9 721
1771418130729 418925.9 722
1771418141016 418925.9 723
1771418151251 418925.9 724
1771418161514 418925.9 725
1771418171675 418925.9 726
1771418182192 418925.9 727
1771418192434 418925.9 728
1771418202685 418925.9 729
1771418212973 418925.9 730
1771418223190 418925.9 731
1771418233439 418925.9 732
1771418243664 418925.9 733
1771418254130 418925.9 734
1771418264578 418925.9 735
1771418274959 418926.0 736
1771418285207 418926.0 737
1771418295418 418926.0 738
1771418305725 418926.0 739
1771418316082 418926.0 740
1771418326351 418926.0 741
1771418336721 418926.0 742
1771418347011 418926.5 743
1771418357338 418926.5 744
1771418367652 418926.5 745
1771418377917 418926.5 746
1771418388229 418926.5 747
1771418398562 418926.5 748
1771418408889 418926.5 749
1771418419257 418926.5 750
1771418429726 418926.5 751
1771418440031 418927.6 752
1771418450397 418927.6 753
1771418460690 418927.6 754
1771418471013 418927.6 755
1771418481227 418927.6 756
1771418491426 418927.6 757
1771418501567 418927.6 758
1771418511990 418927.6 759
1771418522246 418928.6 760
1771418532452 418928.6 761
1771418542739 418928.6 762
1771418553049 418928.7 763
1771418563351 418928.7 764
1771418573548 418928.7 765
1771418583809 418928.7 766
1771418594239 418928.7 767
1771418604559 418928.7 768
1771418614849 418928.7 769
1771418625117 418928.7 770
1771418635383 418928.7 771
1771418645647 418928.7 772
1771418655805 418928.7 773
1771418665991 418928.7 774
1771418676436 418907.5 775
