1771410712228 12777.7 0
1771410722437 12777.8 1
1771410732774 12777.8 2
1771410743030 12777.7 3
1771410753278 12777.7 4
1771410763540 12777.7 5
1771410773760 12777.7 6
1771410783870 12777.7 7
1771410794059 12777.6 8
1771410804382 12776.8 9
1771410814829 12776.7 10
1771410825142 12776.7 11
1771410835417 12777.1 12
1771410845643 12777.1 13
1771410855859 12777.1 14
1771410866043 12777.1 15
1771410876291 12777.0 16
1771410886409 12777.0 17
1771410896616 12776.0 18
1771410907199 12776.0 19
1771410917465 12776.0 20
1771410927748 12776.0 21
1771410938048 12776.0 22
1771410948302 12775.9 23
1771410958610 12775.9 24
1771410968804 12775.9 25
1771410979098 12775.9 26
1771410989483 12775.9 27
1771410999781 12775.9 28
1771411010055 12775.8 29
1771411020337 12775.8 30
1771411030562 12775.8 31
1771411040871 12775.9 32
1771411051167 12775.6 33
1771411061571 12775.6 34
1771411071919 12775.5 35
1771411082122 12775.5 36
1771411092317 12775.5 37
1771411102532 12775.5 38
1771411112767 12775.4 39
1771411122999 12775.4 40
1771411133216 12775.4 41
1771411143356 12775.3 42
1771411153550 12775.3 43
1771411163965 12775.3 44
1771411174171 12775.3 45
1771411184409 12775.5 46
1771411194596 12775.5 47
1771411204868 12775.5 48
1771411215048 12775.5 49
1771411225288 12775.4 50
1771411235655 12775.4 51
1771411246067 12775.4 52
1771411256345 12775.4 53
1771411266688 12775.3 54
1771411276972 12775.2 55
1771411287245 12774.9 56
1771411297471 12774.9 57
1771411307715 12774.4 58
1771411318204 12774.4 59
1771411328645 12774.5 60
1771411338890 12806.8 61
1771411349131 12806.7 62
1771411359356 12806.7 63
1771411369618 12806.7 64
1771411379854 12806.7 65
1771411390071 12806.7 66
1771411400204 12806.7 67
1771411410444 12806.7 68
1771411420655 12822.6 69
1771411430816 12806.5 70
1771411440990 12806.5 71
1771411451155 12806.5 72
1771411461343 12806.5 73
1771411471556 12806.5 74
1771411481728 12806.5 75
1771411492160 12806.4 76
1771411502592 12806.4 77
1771411512923 12806.4 78
1771411523190 12806.4 79
1771411533459 12806.4 80
1771411543740 12806.4 81
1771411554049 12806.4 82
1771411564352 12806.3 83
1771411574702 12806.3 84
1771411585077 12806.3 85
1771411595357 12806.3 86
1771411605632 12806.3 87
1771411615907 12806.3 88
1771411626205 12806.3 89
1771411636499 12806.2 90
1771411646821 12806.2 91
1771411657297 12806.2 92
1771411667674 12806.2 93
1771411677878 12806.2 94
1771411688071 12806.2 95
1771411698344 12806.1 96
1771411708609 12806.1 97
1771411718874 12805.9 98
1771411729112 12805.9 99
1771411739264 12805.9 100
1771411749804 12805.7 101
1771411760100 12805.7 102
1771411770408 12805.7 103
1771411780643 12805.7 104
1771411790873 12801.9 105
1771411801068 12800.8 106
1771411811359 12800.8 107
1771411821572 12800.5 108
1771411831888 12800.3 109
1771411842388 12798.5 110
1771411852645 12798.7 111
1771411862997 12787.3 112
1771411873341 12800.1 113
1771411883677 12799.1 114
1771411894057 12799.1 115
1771411904376 12799.0 116
1771411914722 12799.0 117
1771411925068 12850.4 118
1771411935520 12850.3 119
1771411945752 12850.2 120
1771411955984 12850.0 121
1771411966294 12850.0 122
1771411976499 12850.0 123
1771411986700 12850.0 124
1771411997028 12850.0 125
1771412007372 12849.5 126
1771412017720 12849.5 127
1771412028013 12849.5 128
1771412038192 12849.5 129
1771412048487 12849.5 130
1771412058800 12849.5 131
1771412069106 12849.5 132
1771412079291 12849.5 133
1771412089551 12849.5 134
1771412099722 12849.5 135
1771412109849 12849.5 136
1771412120121 12849.5 137
1771412130376 12849.5 138
1771412140604 12849.5 139
1771412150849 12849.0 140
1771412160989 12849.0 141
1771412171443 12849.0 142
1771412181644 12849.0 143
1771412191798 12849.0 144
1771412202036 12848.9 145
1771412212295 12848.9 146
1771412222512 12848.9 147
1771412232746 12848.9 148
1771412242886 12848.9 149
1771412253140 12848.9 150
1771412263329 12848.9 151
1771412273535 12848.9 152
1771412283886 12848.9 153
1771412294066 12848.9 154
1771412304363 12848.8 155
1771412314638 12848.7 156
1771412324777 12847.5 157
1771412335040 12825.1 158
1771412345541 12825.0 159
1771412355828 12825.0 160
1771412366150 12825.1 161
1771412376288 12825.1 162
1771412386650 12825.1 163
1771412396921 12825.1 164
1771412407057 12825.1 165
1771412417183 12825.1 166
1771412427524 12825.1 167
1771412437830 12825.1 168
1771412448007 12825.1 169
1771412458109 12824.0 170
1771412468371 12823.7 171
1771412478671 12823.7 172
1771412488827 12823.7 173
1771412498948 12822.1 174
1771412509365 12822.1 175
1771412519696 12822.1 176
1771412529957 12822.1 177
1771412540214 12822.1 178
1771412550416 12822.1 179
1771412560708 12822.1 180
1771412570858 12822.1 181
1771412580958 12822.1 182
1771412591315 12822.1 183
1771412601610 12822.1 184
1771412611784 12822.1 185
1771412621937 12822.1 186
1771412632054 12822.1 187
1771412642309 12822.1 188
1771412652456 12822.1 189
1771412662562 12822.0 190
1771412672957 12822.0 191
1771412683230 12822.0 192
1771412693434 12822.0 193
1771412703549 12822.0 194
1771412713850 12822.0 195
1771412724174 12822.0 196
1771412734323 12822.0 197
1771412744581 12822.0 198
1771412754982 12821.5 199
1771412765107 12821.5 200
1771412775339 12821.5 201
1771412785625 12821.5 202
1771412795879 12821.5 203
1771412806108 12821.5 204
1771412816252 12821.5 205
1771412826492 12821.5 206
1771412836780 12821.5 207
1771412847145 12821.5 208
1771412857456 12821.4 209
1771412867669 12821.4 210
1771412877898 12821.4 211
1771412888039 12821.4 212
1771412898162 12821.4 213
1771412908351 12821.4 214
1771412918682 12821.4 215
1771412928932 12821.4 216
1771412939159 12821.4 217
1771412949346 12821.4 218
1771412959529 12821.4 219
1771412969768 12821.4 220
1771412979920 12821.4 221
1771412990411 12821.4 222
1771413000641 12821.4 223
1771413010928 12821.4 224
1771413021118 12821.4 225
1771413031291 12821.4 226
1771413041551 12821.4 227
1771413051785 12821.4 228
1771413061931 12821.4 229
1771413072416 12821.4 230
1771413082665 12821.7 231
1771413092880 12821.7 232
1771413103141 12821.7 233
1771413113388 12821.7 234
1771413123617 12821.7 235
1771413133850 12821.7 236
1771413144013 12821.7 237
1771413154427 12821.7 238
1771413164603 12821.7 239
1771413174819 12821.7 240
1771413185051 12821.7 241
1771413195259 12821.7 242
1771413205512 12821.7 243
1771413215867 12821.7 244
1771413226025 12821.1 245
1771413236279 12821.1 246
1771413246573 12821.1 247
1771413256778 12821.1 248
1771413267022 12821.1 249
1771413277283 12821.1 250
1771413287644 12821.1 251
1771413297863 12820.1 252
1771413308035 12820.1 253
1771413318340 12819.0 254
1771413328645 12819.0 255
1771413338951 12819.0 256
1771413349229 12819.0 257
1771413359482 12819.0 258
1771413369781 12819.0 259
1771413380057 12818.8 260
1771413390440 12818.8 261
1771413400959 12818.8 262
1771413411180 12818.8 263
1771413421433 12818.7 264
1771413431767 12818.7 265
1771413442041 12818.7 266
1771413452328 12818.7 267
1771413462610 12818.7 268
1771413472813 12818.7 269
1771413483285 12818.7 270
1771413493595 12818.7 271
1771413503880 12818.7 272
1771413514190 12818.7 273
1771413524509 12818.7 274
1771413534909 12818.7 275
1771413545292 12818.7 276
1771413555636 12818.7 277
1771413566033 12818.1 278
1771413576297 12818.1 279
1771413586523 12818.1 280
1771413596719 12818.1 281
1771413606902 12818.1 282
1771413617136 12818.1 283
1771413627285 12818.1 284
1771413637412 12818.1 285
1771413647748 12818.1 286
1771413657997 12818.1 287
1771413668225 12818.1 288
1771413678379 12818.1 289
1771413688611 12818.1 290
1771413698893 12818.1 291
1771413709052 12818.1 292
1771413719389 12818.1 293
1771413729760 12818.1 294
1771413739885 12818.1 295
1771413750138 12818.1 296
1771413760411 12818.1 297
1771413770651 12818.1 298
1771413780940 12818.1 299
1771413791096 12818.1 300
1771413801353 12818.1 301
1771413811868 12818.1 302
1771413822145 12818.1 303
1771413832342 12818.1 304
1771413842576 12818.1 305
1771413852752 12818.1 306
1771413863004 12818.1 307
1771413873146 12818.1 308
1771413883651 12818.1 309
1771413893885 12818.1 310
1771413904121 12818.1 311
1771413914300 12818.1 312
1771413924557 12818.1 313
1771413934814 12818.1 314
1771413945101 12818.1 315
1771413955256 12818.1 316
1771413965612 12818.1 317
1771413975821 12818.1 318
1771413986099 12818.1 319
1771413996325 12818.1 320
1771414006543 12818.1 321
1771414016775 12818.1 322
1771414027102 12818.1 323
1771414037290 12818.1 324
1771414047719 12818.1 325
1771414057971 12818.1 326
1771414068211 12818.1 327
1771414078506 12818.1 328
1771414088775 12818.1 329
1771414099058 12818.1 330
1771414109350 12818.1 331
1771414119748 12818.0 332
1771414130320 12818.0 333
1771414140582 12817.0 334
1771414150807 12817.0 335
1771414161121 12817.0 336
1771414171403 12817.0 337
1771414181688 12817.0 338
1771414191970 12817.0 339
1771414202250 12817.0 340
1771414212678 12817.0 341
1771414222942 12817.0 342
1771414233222 12817.0 343
1771414243505 12817.0 344
1771414253782 12817.0 345
1771414264080 12817.0 346
1771414274348 12817.0 347
1771414284691 12817.0 348
1771414295109 12817.0 349
1771414305441 12817.0 350
1771414315778 12817.0 351
1771414326004 12817.0 352
1771414336248 12817.0 353
1771414346478 12817.0 354
1771414356697 12816.5 355
1771414366811 12816.5 356
1771414377211 12816.5 357
1771414387484 12816.5 358
1771414397682 12816.5 359
1771414407807 12816.5 360
1771414418192 12816.5 361
1771414428529 12816.5 362
1771414438710 12816.5 363
1771414448923 12816.5 364
1771414459163 12816.5 365
1771414469401 12816.5 366
1771414479693 12816.5 367
1771414489978 12816.5 368
1771414500222 12816.5 369
1771414510375 12816.5 370
1771414520528 12816.5 371
1771414530904 12816.5 372
1771414541214 12816.5 373
1771414551467 12816.5 374
1771414561673 12816.5 375
1771414571846 12816.5 376
1771414582103 12815.9 377
1771414592335 12815.9 378
1771414602476 12815.9 379
1771414612887 12815.9 380
1771414623083 12815.9 381
1771414633258 12815.9 382
1771414643529 12815.9 383
1771414653750 12815.9 384
1771414664035 12815.9 385
1771414674215 12815.9 386
1771414684372 12815.9 387
1771414694683 12815.9 388
1771414704948 12815.9 389
1771414715164 12815.9 390
1771414725382 12815.9 391
1771414735610 12815.9 392
1771414745930 12815.9 393
1771414756166 12815.9 394
1771414766630 12815.9 395
1771414776991 12815.9 396
1771414787274 12815.9 397
1771414797634 12815.9 398
1771414807875 12815.9 399
1771414818138 12815.9 400
1771414828443 12815.9 401
1771414838741 12815.9 402
1771414849062 12815.9 403
1771414859434 12815.7 404
1771414869710 12815.7 405
1771414880032 12815.7 406
1771414890289 12815.5 407
1771414900570 12815.5 408
1771414910873 12815.5 409
1771414921157 12815.5 410
1771414931335 12815.5 411
1771414941815 12815.3 412
1771414952101 12815.3 413
1771414962370 12815.2 414
1771414972675 12815.0 415
1771414983016 12815.0 416
1771414993333 12815.0 417
1771415003667 12815.0 418
1771415013965 12815.0 419
1771415024491 12815.0 420
1771415034836 12815.0 421
1771415045026 12814.9 422
1771415055193 12814.9 423
1771415065386 12814.9 424
1771415075642 12814.9 425
1771415085867 12814.9 426
1771415096115 12813.9 427
1771415106458 12813.3 428
1771415116731 12813.3 429
1771415126986 12813.3 430
1771415137213 12813.3 431
1771415147402 12813.3 432
1771415157755 12813.3 433
1771415167921 12813.3 434
1771415178190 12813.3 435
1771415188580 12813.3 436
1771415198742 12813.3 437
1771415209115 12813.3 438
1771415219423 12813.3 439
1771415229641 12813.3 440
1771415239809 12813.3 441
1771415249948 12813.3 442
1771415260137 12813.3 443
1771415270479 12813.3 444
1771415280772 12813.3 445
1771415291019 12813.3 446
1771415301277 12813.3 447
1771415311511 12813.3 448
1771415321770 12813.3 449
1771415331930 12813.3 450
1771415342467 12813.3 451
1771415352735 12813.3 452
1771415362956 12813.3 453
1771415373216 12813.3 454
1771415383494 12816.9 455
1771415393711 12816.9 456
1771415403969 12816.9 457
1771415414120 12816.9 458
1771415424481 12816.9 459
1771415434757 12816.9 460
1771415445006 12816.9 461
1771415455313 12816.9 462
1771415465675 12816.9 463
1771415476016 12816.9 464
1771415486280 12816.9 465
1771415496798 12816.9 466
1771415507209 12816.9 467
1771415517586 12816.9 468
1771415527853 12816.9 469
1771415538144 12816.9 470
1771415548446 12816.9 471
1771415558719 12816.9 472
1771415569054 12816.9 473
1771415579417 12816.9 474
1771415589792 12816.7 475
1771415600115 12816.8 476
1771415610344 12816.8 477
1771415620607 12816.8 478
1771415630906 12816.8 479
1771415641276 12816.8 480
1771415651648 12816.7 481
1771415662024 12816.7 482
1771415672466 12816.7 483
1771415682796 12816.7 484
1771415693050 12816.7 485
1771415703290 12816.7 486
1771415713537 12816.2 487
1771415723772 12816.2 488
1771415734012 12816.2 489
1771415744272 12816.2 490
1771415754583 12816.2 491
1771415764790 12816.2 492
1771415774964 12815.7 493
1771415785235 12815.7 494
1771415795379 12815.7 495
1771415805630 12815.7 496
1771415815813 12814.6 497
1771415825926 12814.6 498
1771415836299 12814.6 499
1771415846518 12814.6 500
1771415856675 12814.6 501
1771415866812 12814.6 502
1771415877135 12814.6 503
1771415887466 12814.6 504
1771415897635 12814.6 505
1771415907882 12814.6 506
1771415918241 12814.1 507
1771415928563 12814.1 508
1771415938883 12814.1 509
1771415949147 12814.1 510
1771415959397 12814.1 511
1771415969637 12814.1 512
1771415979794 12814.1 513
1771415990280 12814.1 514
1771416000500 12814.1 515
1771416010758 12814.1 516
1771416021007 12814.1 517
1771416031268 12814.0 518
1771416041474 12814.0 519
1771416051773 12814.0 520
1771416061940 12814.0 521
1771416072337 12814.0 522
1771416082599 12814.0 523
1771416092847 12814.0 524
1771416103088 12814.0 525
1771416113348 12814.0 526
1771416123697 12814.0 527
1771416133946 12814.0 528
1771416144214 12814.0 529
1771416154609 12814.0 530
1771416164858 12814.0 531
1771416175265 12814.0 532
1771416185532 12814.0 533
1771416195730 12814.0 534
1771416206010 12814.0 535
1771416216315 12814.0 536
1771416226498 12814.0 537
1771416236965 12814.0 538
1771416247229 12814.0 539
1771416257552 12814.0 540
1771416267925 12814.0 541
1771416278348 12814.0 542
1771416288746 12814.0 543
1771416299092 12814.0 544
1771416309274 12814.0 545
1771416319399 12814.0 546
1771416329910 12814.0 547
1771416340257 12814.0 548
1771416350506 12814.0 549
1771416360648 12821.3 550
1771416370995 12821.3 551
1771416381330 12821.3 552
1771416391492 12821.3 553
1771416401721 12821.3 554
1771416412018 12821.3 555
1771416422418 12821.3 556
1771416432780 12821.3 557
1771416443067 12821.3 558
1771416453305 12821.3 559
1771416463468 12821.3 560
1771416473627 12821.3 561
1771416484065 12821.3 562
1771416494375 12821.3 563
1771416504645 12821.3 564
1771416514870 12821.3 565
1771416525109 12821.3 566
1771416535327 12821.3 567
1771416545578 12821.3 568
1771416555754 12821.3 569
1771416566155 12821.3 570
1771416576341 12821.3 571
1771416586642 12821.3 572
1771416596902 12821.3 573
1771416607188 12821.3 574
1771416617541 12821.3 575
1771416627768 12821.3 576
1771416638193 12821.3 577
1771416648563 12821.3 578
1771416658810 12821.3 579
1771416669145 12821.3 580
1771416679418 12821.3 581
1771416689672 12821.3 582
1771416699925 12820.8 583
1771416710259 12820.8 584
1771416720650 12820.8 585
1771416730995 12820.8 586
1771416741222 12820.8 587
1771416751543 12820.8 588
1771416761841 12820.8 589
1771416772113 12820.8 590
1771416782383 12819.7 591
1771416792703 12819.7 592
1771416803075 12819.7 593
1771416813492 12819.7 594
1771416823741 12819.7 595
1771416833999 12819.7 596
1771416844287 12819.7 597
1771416854598 12819.7 598
1771416864765 12819.7 599
1771416874953 12819.7 600
1771416885274 12819.7 601
1771416895710 12819.7 602
1771416906006 12819.7 603
1771416916342 12819.7 604
1771416926660 12819.7 605
1771416936940 12819.7 606
1771416947110 12819.7 607
1771416957283 12819.7 608
1771416967426 12819.7 609
1771416977889 12819.7 610
1771416988227 12819.7 611
1771416998477 12819.7 612
1771417008796 12819.7 613
1771417019116 12819.7 614
1771417029406 12819.7 615
1771417039575 12819.7 616
1771417049829 12819.7 617
1771417060203 12819.2 618
1771417070566 12819.2 619
1771417080882 12819.2 620
1771417091073 12819.2 621
1771417101336 12819.2 622
1771417111585 12819.2 623
1771417121757 12819.2 624
1771417132212 12819.2 625
1771417142389 12819.2 626
1771417152562 12819.1 627
1771417162836 12819.1 628
1771417173078 12819.1 629
1771417183384 12819.1 630
1771417193739 12819.1 631
1771417203918 12819.1 632
1771417214207 12819.1 633
1771417224487 12819.1 634
1771417234722 12819.1 635
1771417244974 12819.1 636
1771417255399 12819.1 637
1771417265684 12819.1 638
1771417275893 12819.1 639
1771417286277 12819.1 640
1771417296721 12819.1 641
1771417307091 12819.1 642
1771417317359 12819.1 643
1771417327604 12819.1 644
1771417337964 12819.1 645
1771417348193 12819.1 646
1771417358438 12819.1 647
1771417368758 12819.1 648
1771417379094 12819.0 649
1771417389462 12819.0 650
1771417399800 12819.0 651
1771417410090 12819.0 652
1771417420396 12819.0 653
1771417430704 12819.0 654
1771417440995 12819.0 655
1771417451311 12819.0 656
1771417461771 12819.0 657
1771417472128 12819.0 658
1771417482447 12819.0 659
1771417492665 12819.0 660
1771417502850 12819.0 661
1771417513195 12819.0 662
1771417523410 12819.0 663
1771417533588 12819.0 664
1771417544049 12819.0 665
1771417554391 12818.0 666
1771417564565 12818.0 667
1771417574954 12818.0 668
1771417585282 12818.0 669
1771417595607 12818.0 670
1771417605767 12818.0 671
1771417616155 12818.0 672
1771417626681 12818.0 673
1771417636992 12818.0 674
1771417647237 12818.0 675
1771417657499 12818.0 676
1771417667750 12818.0 677
1771417678009 12818.0 678
1771417688170 12818.0 679
1771417698620 12818.0 680
1771417708811 12818.0 681
1771417719068 12818.0 682
1771417729273 12818.0 683
1771417739528 12818.0 684
1771417749821 12818.0 685
1771417760143 12818.0 686
1771417770297 12818.0 687
1771417780660 12817.9 688
1771417790939 12817.9 689
1771417801274 12817.9 690
1771417811507 12817.9 691
1771417821805 12817.9 692
1771417832002 12817.9 693
1771417842308 12817.9 694
1771417852774 12817.9 695
1771417863178 12817.9 696
1771417873400 12817.9 697
1771417883694 12817.9 698
1771417893945 12817.9 699
1771417904267 12817.9 700
1771417914581 12817.9 701
1771417924899 12817.9 702
1771417935312 12817.9 703
1771417945732 12817.9 704
1771417956053 12817.9 705
1771417966376 12817.9 706
1771417976677 12817.9 707
1771417986990 12817.9 708
1771417997288 12817.9 709
1771418007511 12817.9 710
1771418017794 12817.9 711
1771418028105 12817.9 712
1771418038317 12817.9 713
1771418048620 12817.9 714
1771418058899 12817.9 715
1771418069121 12817.9 716
1771418079389 12817.9 717
1771418089558 12817.9 718
1771418099811 12817.9 719
1771418110079 12817.9 720
1771418120434 12817.9 721
1771418130729 12817.9 722
1771418141016 12818.0 723
1771418151251 12818.0 724
1771418161514 12818.0 725
1771418171675 12818.0 726
1771418182192 12818.0 727
1771418192434 12818.0 728
1771418202685 12818.0 729
1771418212973 12818.0 730
1771418223190 12818.0 731
1771418233439 12818.0 732
1771418243664 12818.0 733
1771418254130 12817.9 734
1771418264578 12817.9 735
1771418274959 12817.8 736
1771418285207 12817.8 737
1771418295418 12817.8 738
1771418305725 12817.8 739
1771418316082 12817.8 740
1771418326351 12817.8 741
1771418336721 12817.8 742
1771418347011 12817.3 743
1771418357338 12817.3 744
1771418367652 12817.3 745
1771418377917 12817.3 746
1771418388229 12817.3 747
1771418398562 12817.3 748
1771418408889 12817.3 749
1771418419257 12817.3 750
1771418429726 12817.3 751
1771418440031 12816.2 752
1771418450397 12816.2 753
1771418460690 12816.2 754
1771418471013 12816.2 755
1771418481227 12816.2 756
1771418491426 12816.2 757
1771418501567 12816.2 758
1771418511990 12816.2 759
1771418522246 12815.2 760
1771418532452 12815.2 761
1771418542739 12815.2 762
1771418553049 12815.2 763
1771418563351 12815.2 764
1771418573548 12815.2 765
1771418583809 12815.2 766
1771418594239 12815.2 767
1771418604559 12815.2 768
1771418614849 12815.2 769
1771418625117 12815.2 770
1771418635383 12815.2 771
1771418645647 12815.2 772
1771418655805 12815.2 773
1771418665991 12815.2 774
1771418676436 12836.4 775
