1771410712228 97.0 0
1771410722437 97.0 1
1771410732774 97.0 2
1771410743030 97.0 3
1771410753278 97.0 4
1771410763540 97.0 5
1771410773760 97.0 6
1771410783870 97.0 7
1771410794059 97.0 8
1771410804382 97.0 9
1771410814829 97.0 10
1771410825142 97.0 11
1771410835417 97.0 12
1771410845643 97.0 13
1771410855859 97.0 14
1771410866043 97.0 15
1771410876291 97.0 16
1771410886409 97.0 17
1771410896616 97.0 18
1771410907199 97.0 19
1771410917465 97.0 20
1771410927748 97.0 21
1771410938048 97.0 22
1771410948302 97.0 23
1771410958610 97.0 24
1771410968804 97.0 25
1771410979098 97.0 26
1771410989483 97.0 27
1771410999781 97.0 28
1771411010055 97.0 29
1771411020337 97.0 30
1771411030562 97.0 31
1771411040871 97.0 32
1771411051167 97.0 33
1771411061571 97.0 34
1771411071919 97.0 35
1771411082122 97.0 36
1771411092317 97.0 37
1771411102532 97.0 38
1771411112767 97.0 39
1771411122999 97.0 40
1771411133216 97.0 41
1771411143356 97.0 42
1771411153550 97.0 43
1771411163965 97.0 44
1771411174171 97.0 45
1771411184409 97.0 46
1771411194596 97.0 47
1771411204868 97.0 48
1771411215048 97.0 49
1771411225288 97.0 50
1771411235655 97.0 51
1771411246067 97.0 52
1771411256345 97.0 53
1771411266688 97.0 54
1771411276972 97.0 55
1771411287245 97.0 56
1771411297471 97.0 57
1771411307715 97.0 58
1771411318204 97.0 59
1771411328645 97.0 60
1771411338890 97.0 61
1771411349131 97.0 62
1771411359356 97.0 63
1771411369618 97.0 64
1771411379854 97.0 65
1771411390071 97.0 66
1771411400204 97.0 67
1771411410444 97.0 68
1771411420655 97.0 69
1771411430816 97.0 70
1771411440990 97.0 71
1771411451155 97.0 72
1771411461343 97.0 73
1771411471556 97.0 74
1771411481728 97.0 75
1771411492160 97.0 76
1771411502592 97.0 77
1771411512923 97.0 78
1771411523190 97.0 79
1771411533459 97.0 80
1771411543740 97.0 81
1771411554049 97.0 82
1771411564352 97.0 83
1771411574702 97.0 84
1771411585077 97.0 85
1771411595357 97.0 86
1771411605632 97.0 87
1771411615907 97.0 88
1771411626205 97.0 89
1771411636499 97.0 90
1771411646821 97.0 91
1771411657297 97.0 92
1771411667674 97.0 93
1771411677878 97.0 94
1771411688071 97.0 95
1771411698344 97.0 96
1771411708609 97.0 97
1771411718874 97.0 98
1771411729112 97.0 99
1771411739264 97.0 100
1771411749804 97.0 101
1771411760100 97.0 102
1771411770408 97.0 103
1771411780643 97.0 104
1771411790873 97.0 105
1771411801068 97.0 106
1771411811359 97.0 107
1771411821572 97.0 108
1771411831888 97.0 109
1771411842388 97.0 110
1771411852645 97.0 111
1771411862997 97.0 112
1771411873341 97.0 113
1771411883677 97.0 114
1771411894057 97.0 115
1771411904376 97.0 116
1771411914722 97.0 117
1771411925068 97.0 118
1771411935520 97.0 119
1771411945752 97.0 120
1771411955984 97.0 121
1771411966294 97.0 122
1771411976499 97.0 123
1771411986700 97.0 124
1771411997028 97.0 125
1771412007372 97.0 126
1771412017720 97.0 127
1771412028013 97.0 128
1771412038192 97.0 129
1771412048487 97.0 130
1771412058800 97.0 131
1771412069106 97.0 132
1771412079291 97.0 133
1771412089551 97.0 134
1771412099722 97.0 135
1771412109849 97.0 136
1771412120121 97.0 137
1771412130376 97.0 138
1771412140604 97.0 139
1771412150849 97.0 140
1771412160989 97.0 141
1771412171443 97.0 142
1771412181644 97.0 143
1771412191798 97.0 144
1771412202036 97.0 145
1771412212295 97.0 146
1771412222512 97.0 147
1771412232746 97.0 148
1771412242886 97.0 149
1771412253140 97.0 150
1771412263329 97.0 151
1771412273535 97.0 152
1771412283886 97.0 153
1771412294066 97.0 154
1771412304363 97.0 155
1771412314638 97.0 156
1771412324777 97.0 157
1771412335040 97.0 158
1771412345541 97.0 159
1771412355828 97.0 160
1771412366150 97.0 161
1771412376288 97.0 162
1771412386650 97.0 163
1771412396921 97.0 164
1771412407057 97.0 165
1771412417183 97.0 166
1771412427524 97.0 167
1771412437830 97.0 168
1771412448007 97.0 169
1771412458109 97.0 170
1771412468371 97.0 171
1771412478671 97.0 172
1771412488827 97.0 173
1771412498948 97.0 174
1771412509365 97.0 175
1771412519696 97.0 176
1771412529957 97.0 177
1771412540214 97.0 178
1771412550416 97.0 179
1771412560708 97.0 180
1771412570858 97.0 181
1771412580958 97.0 182
1771412591315 97.0 183
1771412601610 97.0 184
1771412611784 97.0 185
1771412621937 97.0 186
1771412632054 97.0 187
1771412642309 97.0 188
1771412652456 97.0 189
1771412662562 97.0 190
1771412672957 97.0 191
1771412683230 97.0 192
1771412693434 97.0 193
1771412703549 97.0 194
1771412713850 97.0 195
1771412724174 97.0 196
1771412734323 97.0 197
1771412744581 97.0 198
1771412754982 97.0 199
1771412765107 97.0 200
1771412775339 97.0 201
1771412785625 97.0 202
1771412795879 97.0 203
1771412806108 97.0 204
1771412816252 97.0 205
1771412826492 97.0 206
1771412836780 97.0 207
1771412847145 97.0 208
1771412857456 97.0 209
1771412867669 97.0 210
1771412877898 97.0 211
1771412888039 97.0 212
1771412898162 97.0 213
1771412908351 97.0 214
1771412918682 97.0 215
1771412928932 97.0 216
1771412939159 97.0 217
1771412949346 97.0 218
1771412959529 97.0 219
1771412969768 97.0 220
1771412979920 97.0 221
1771412990411 97.0 222
1771413000641 97.0 223
1771413010928 97.0 224
1771413021118 97.0 225
1771413031291 97.0 226
1771413041551 97.0 227
1771413051785 97.0 228
1771413061931 97.0 229
1771413072416 97.0 230
1771413082665 97.0 231
1771413092880 97.0 232
1771413103141 97.0 233
1771413113388 97.0 234
1771413123617 97.0 235
1771413133850 97.0 236
1771413144013 97.0 237
1771413154427 97.0 238
1771413164603 97.0 239
1771413174819 97.0 240
1771413185051 97.0 241
1771413195259 97.0 242
1771413205512 97.0 243
1771413215867 97.0 244
1771413226025 97.0 245
1771413236279 97.0 246
1771413246573 97.0 247
1771413256778 97.0 248
1771413267022 97.0 249
1771413277283 97.0 250
1771413287644 97.0 251
1771413297863 97.0 252
1771413308035 97.0 253
1771413318340 97.0 254
1771413328645 97.0 255
1771413338951 97.0 256
1771413349229 97.0 257
1771413359482 97.0 258
1771413369781 97.0 259
1771413380057 97.0 260
1771413390440 97.0 261
1771413400959 97.0 262
1771413411180 97.0 263
1771413421433 97.0 264
1771413431767 97.0 265
1771413442041 97.0 266
1771413452328 97.0 267
1771413462610 97.0 268
1771413472813 97.0 269
1771413483285 97.0 270
1771413493595 97.0 271
1771413503880 97.0 272
1771413514190 97.0 273
1771413524509 97.0 274
1771413534909 97.0 275
1771413545292 97.0 276
1771413555636 97.0 277
1771413566033 97.0 278
1771413576297 97.0 279
1771413586523 97.0 280
1771413596719 97.0 281
1771413606902 97.0 282
1771413617136 97.0 283
1771413627285 97.0 284
1771413637412 97.0 285
1771413647748 97.0 286
1771413657997 97.0 287
1771413668225 97.0 288
1771413678379 97.0 289
1771413688611 97.0 290
1771413698893 97.0 291
1771413709052 97.0 292
1771413719389 97.0 293
1771413729760 97.0 294
1771413739885 97.0 295
1771413750138 97.0 296
1771413760411 97.0 297
1771413770651 97.0 298
1771413780940 97.0 299
1771413791096 97.0 300
1771413801353 97.0 301
1771413811868 97.0 302
1771413822145 97.0 303
1771413832342 97.0 304
1771413842576 97.0 305
1771413852752 97.0 306
1771413863004 97.0 307
1771413873146 97.0 308
1771413883651 97.0 309
1771413893885 97.0 310
1771413904121 97.0 311
1771413914300 97.0 312
1771413924557 97.0 313
1771413934814 97.0 314
1771413945101 97.0 315
1771413955256 97.0 316
1771413965612 97.0 317
1771413975821 97.0 318
1771413986099 97.0 319
1771413996325 97.0 320
1771414006543 97.0 321
1771414016775 97.0 322
1771414027102 97.0 323
1771414037290 97.0 324
1771414047719 97.0 325
1771414057971 97.0 326
1771414068211 97.0 327
1771414078506 97.0 328
1771414088775 97.0 329
1771414099058 97.0 330
1771414109350 97.0 331
1771414119748 97.0 332
1771414130320 97.0 333
1771414140582 97.0 334
1771414150807 97.0 335
1771414161121 97.0 336
1771414171403 97.0 337
1771414181688 97.0 338
1771414191970 97.0 339
1771414202250 97.0 340
1771414212678 97.0 341
1771414222942 97.0 342
1771414233222 97.0 343
1771414243505 97.0 344
1771414253782 97.0 345
1771414264080 97.0 346
1771414274348 97.0 347
1771414284691 97.0 348
1771414295109 97.0 349
1771414305441 97.0 350
1771414315778 97.0 351
1771414326004 97.0 352
1771414336248 97.0 353
1771414346478 97.0 354
1771414356697 97.0 355
1771414366811 97.0 356
1771414377211 97.0 357
1771414387484 97.0 358
1771414397682 97.0 359
1771414407807 97.0 360
1771414418192 97.0 361
1771414428529 97.0 362
1771414438710 97.0 363
1771414448923 97.0 364
1771414459163 97.0 365
1771414469401 97.0 366
1771414479693 97.0 367
1771414489978 97.0 368
1771414500222 97.0 369
1771414510375 97.0 370
1771414520528 97.0 371
1771414530904 97.0 372
1771414541214 97.0 373
1771414551467 97.0 374
1771414561673 97.0 375
1771414571846 97.0 376
1771414582103 97.0 377
1771414592335 97.0 378
1771414602476 97.0 379
1771414612887 97.0 380
1771414623083 97.0 381
1771414633258 97.0 382
1771414643529 97.0 383
1771414653750 97.0 384
1771414664035 97.0 385
1771414674215 97.0 386
1771414684372 97.0 387
1771414694683 97.0 388
1771414704948 97.0 389
1771414715164 97.0 390
1771414725382 97.0 391
1771414735610 97.0 392
1771414745930 97.0 393
1771414756166 97.0 394
1771414766630 97.0 395
1771414776991 97.0 396
1771414787274 97.0 397
1771414797634 97.0 398
1771414807875 97.0 399
1771414818138 97.0 400
1771414828443 97.0 401
1771414838741 97.0 402
1771414849062 97.0 403
1771414859434 97.0 404
1771414869710 97.0 405
1771414880032 97.0 406
1771414890289 97.0 407
1771414900570 97.0 408
1771414910873 97.0 409
1771414921157 97.0 410
1771414931335 97.0 411
1771414941815 97.0 412
1771414952101 97.0 413
1771414962370 97.0 414
1771414972675 97.0 415
1771414983016 97.0 416
1771414993333 97.0 417
1771415003667 97.0 418
1771415013965 97.0 419
1771415024491 97.0 420
1771415034836 97.0 421
1771415045026 97.0 422
1771415055193 97.0 423
1771415065386 97.0 424
1771415075642 97.0 425
1771415085867 97.0 426
1771415096115 97.0 427
1771415106458 97.0 428
1771415116731 97.0 429
1771415126986 97.0 430
1771415137213 97.0 431
1771415147402 97.0 432
1771415157755 97.0 433
1771415167921 97.0 434
1771415178190 97.0 435
1771415188580 97.0 436
1771415198742 97.0 437
1771415209115 97.0 438
1771415219423 97.0 439
1771415229641 97.0 440
1771415239809 97.0 441
1771415249948 97.0 442
1771415260137 97.0 443
1771415270479 97.0 444
1771415280772 97.0 445
1771415291019 97.0 446
1771415301277 97.0 447
1771415311511 97.0 448
1771415321770 97.0 449
1771415331930 97.0 450
1771415342467 97.0 451
1771415352735 97.0 452
1771415362956 97.0 453
1771415373216 97.0 454
1771415383494 97.0 455
1771415393711 97.0 456
1771415403969 97.0 457
1771415414120 97.0 458
1771415424481 97.0 459
1771415434757 97.0 460
1771415445006 97.0 461
1771415455313 97.0 462
1771415465675 97.0 463
1771415476016 97.0 464
1771415486280 97.0 465
1771415496798 97.0 466
1771415507209 97.0 467
1771415517586 97.0 468
1771415527853 97.0 469
1771415538144 97.0 470
1771415548446 97.0 471
1771415558719 97.0 472
1771415569054 97.0 473
1771415579417 97.0 474
1771415589792 97.0 475
1771415600115 97.0 476
1771415610344 97.0 477
1771415620607 97.0 478
1771415630906 97.0 479
1771415641276 97.0 480
1771415651648 97.0 481
1771415662024 97.0 482
1771415672466 97.0 483
1771415682796 97.0 484
1771415693050 97.0 485
1771415703290 97.0 486
1771415713537 97.0 487
1771415723772 97.0 488
1771415734012 97.0 489
1771415744272 97.0 490
1771415754583 97.0 491
1771415764790 97.0 492
1771415774964 97.0 493
1771415785235 97.0 494
1771415795379 97.0 495
1771415805630 97.0 496
1771415815813 97.0 497
1771415825926 97.0 498
1771415836299 97.0 499
1771415846518 97.0 500
1771415856675 97.0 501
1771415866812 97.0 502
1771415877135 97.0 503
1771415887466 97.0 504
1771415897635 97.0 505
1771415907882 97.0 506
1771415918241 97.0 507
1771415928563 97.0 508
1771415938883 97.0 509
1771415949147 97.0 510
1771415959397 97.0 511
1771415969637 97.0 512
1771415979794 97.0 513
1771415990280 97.0 514
1771416000500 97.0 515
1771416010758 97.0 516
1771416021007 97.0 517
1771416031268 97.0 518
1771416041474 97.0 519
1771416051773 97.0 520
1771416061940 97.0 521
1771416072337 97.0 522
1771416082599 97.0 523
1771416092847 97.0 524
1771416103088 97.0 525
1771416113348 97.0 526
1771416123697 97.0 527
1771416133946 97.0 528
1771416144214 97.0 529
1771416154609 97.0 530
1771416164858 97.0 531
1771416175265 97.0 532
1771416185532 97.0 533
1771416195730 97.0 534
1771416206010 97.0 535
1771416216315 97.0 536
1771416226498 97.0 537
1771416236965 97.0 538
1771416247229 97.0 539
1771416257552 97.0 540
1771416267925 97.0 541
1771416278348 97.0 542
1771416288746 97.0 543
1771416299092 97.0 544
1771416309274 97.0 545
1771416319399 97.0 546
1771416329910 97.0 547
1771416340257 97.0 548
1771416350506 97.0 549
1771416360648 97.0 550
1771416370995 97.0 551
1771416381330 97.0 552
1771416391492 97.0 553
1771416401721 97.0 554
1771416412018 97.0 555
1771416422418 97.0 556
1771416432780 97.0 557
1771416443067 97.0 558
1771416453305 97.0 559
1771416463468 97.0 560
1771416473627 97.0 561
1771416484065 97.0 562
1771416494375 97.0 563
1771416504645 97.0 564
1771416514870 97.0 565
1771416525109 97.0 566
1771416535327 97.0 567
1771416545578 97.0 568
1771416555754 97.0 569
1771416566155 97.0 570
1771416576341 97.0 571
1771416586642 97.0 572
1771416596902 97.0 573
1771416607188 97.0 574
1771416617541 97.0 575
1771416627768 97.0 576
1771416638193 97.0 577
1771416648563 97.0 578
1771416658810 97.0 579
1771416669145 97.0 580
1771416679418 97.0 581
1771416689672 97.0 582
1771416699925 97.0 583
1771416710259 97.0 584
1771416720650 97.0 585
1771416730995 97.0 586
1771416741222 97.0 587
1771416751543 97.0 588
1771416761841 97.0 589
1771416772113 97.0 590
1771416782383 97.0 591
1771416792703 97.0 592
1771416803075 97.0 593
1771416813492 97.0 594
1771416823741 97.0 595
1771416833999 97.0 596
1771416844287 97.0 597
1771416854598 97.0 598
1771416864765 97.0 599
1771416874953 97.0 600
1771416885274 97.0 601
1771416895710 97.0 602
1771416906006 97.0 603
1771416916342 97.0 604
1771416926660 97.0 605
1771416936940 97.0 606
1771416947110 97.0 607
1771416957283 97.0 608
1771416967426 97.0 609
1771416977889 97.0 610
1771416988227 97.0 611
1771416998477 97.0 612
1771417008796 97.0 613
1771417019116 97.0 614
1771417029406 97.0 615
1771417039575 97.0 616
1771417049829 97.0 617
1771417060203 97.0 618
1771417070566 97.0 619
1771417080882 97.0 620
1771417091073 97.0 621
1771417101336 97.0 622
1771417111585 97.0 623
1771417121757 97.0 624
1771417132212 97.0 625
1771417142389 97.0 626
1771417152562 97.0 627
1771417162836 97.0 628
1771417173078 97.0 629
1771417183384 97.0 630
1771417193739 97.0 631
1771417203918 97.0 632
1771417214207 97.0 633
1771417224487 97.0 634
1771417234722 97.0 635
1771417244974 97.0 636
1771417255399 97.0 637
1771417265684 97.0 638
1771417275893 97.0 639
1771417286277 97.0 640
1771417296721 97.0 641
1771417307091 97.0 642
1771417317359 97.0 643
1771417327604 97.0 644
1771417337964 97.0 645
1771417348193 97.0 646
1771417358438 97.0 647
1771417368758 97.0 648
1771417379094 97.0 649
1771417389462 97.0 650
1771417399800 97.0 651
1771417410090 97.0 652
1771417420396 97.0 653
1771417430704 97.0 654
1771417440995 97.0 655
1771417451311 97.0 656
1771417461771 97.0 657
1771417472128 97.0 658
1771417482447 97.0 659
1771417492665 97.0 660
1771417502850 97.0 661
1771417513195 97.0 662
1771417523410 97.0 663
1771417533588 97.0 664
1771417544049 97.0 665
1771417554391 97.0 666
1771417564565 97.0 667
1771417574954 97.0 668
1771417585282 97.0 669
1771417595607 97.0 670
1771417605767 97.0 671
1771417616155 97.0 672
1771417626681 97.0 673
1771417636992 97.0 674
1771417647237 97.0 675
1771417657499 97.0 676
1771417667750 97.0 677
1771417678009 97.0 678
1771417688170 97.0 679
1771417698620 97.0 680
1771417708811 97.0 681
1771417719068 97.0 682
1771417729273 97.0 683
1771417739528 97.0 684
1771417749821 97.0 685
1771417760143 97.0 686
1771417770297 97.0 687
1771417780660 97.0 688
1771417790939 97.0 689
1771417801274 97.0 690
1771417811507 97.0 691
1771417821805 97.0 692
1771417832002 97.0 693
1771417842308 97.0 694
1771417852774 97.0 695
1771417863178 97.0 696
1771417873400 97.0 697
1771417883694 97.0 698
1771417893945 97.0 699
1771417904267 97.0 700
1771417914581 97.0 701
1771417924899 97.0 702
1771417935312 97.0 703
1771417945732 97.0 704
1771417956053 97.0 705
1771417966376 97.0 706
1771417976677 97.0 707
1771417986990 97.0 708
1771417997288 97.0 709
1771418007511 97.0 710
1771418017794 97.0 711
1771418028105 97.0 712
1771418038317 97.0 713
1771418048620 97.0 714
1771418058899 97.0 715
1771418069121 97.0 716
1771418079389 97.0 717
1771418089558 97.0 718
1771418099811 97.0 719
1771418110079 97.0 720
1771418120434 97.0 721
1771418130729 97.0 722
1771418141016 97.0 723
1771418151251 97.0 724
1771418161514 97.0 725
1771418171675 97.0 726
1771418182192 97.0 727
1771418192434 97.0 728
1771418202685 97.0 729
1771418212973 97.0 730
1771418223190 97.0 731
1771418233439 97.0 732
1771418243664 97.0 733
1771418254130 97.0 734
1771418264578 97.0 735
1771418274959 97.0 736
1771418285207 97.0 737
1771418295418 97.0 738
1771418305725 97.0 739
1771418316082 97.0 740
1771418326351 97.0 741
1771418336721 97.0 742
1771418347011 97.0 743
1771418357338 97.0 744
1771418367652 97.0 745
1771418377917 97.0 746
1771418388229 97.0 747
1771418398562 97.0 748
1771418408889 97.0 749
1771418419257 97.0 750
1771418429726 97.0 751
1771418440031 97.0 752
1771418450397 97.0 753
1771418460690 97.0 754
1771418471013 97.0 755
1771418481227 97.0 756
1771418491426 97.0 757
1771418501567 97.0 758
1771418511990 97.0 759
1771418522246 97.0 760
1771418532452 97.0 761
1771418542739 97.0 762
1771418553049 97.0 763
1771418563351 97.0 764
1771418573548 97.0 765
1771418583809 97.0 766
1771418594239 97.0 767
1771418604559 97.0 768
1771418614849 97.0 769
1771418625117 97.0 770
1771418635383 97.0 771
1771418645647 97.0 772
1771418655805 97.0 773
1771418665991 97.0 774
1771418676436 97.0 775
