1771410712228 0.0 0
1771410722437 0.12984499999998889 1
1771410732774 0.18500199999999722 2
1771410743030 0.25031699999999546 3
1771410753278 0.26774299999999585 4
1771410763540 0.3236419999999782 5
1771410773760 0.43778699999998594 6
1771410783870 0.48382599999999343 7
1771410794059 0.5953509999999937 8
1771410804382 0.7003999999999735 9
1771410814829 0.7548919999999839 10
1771410825142 0.842948999999976 11
1771410835417 0.9030889999999943 12
1771410845643 0.9169529999999781 13
1771410855859 0.936665999999974 14
1771410866043 0.9403449999999793 15
1771410876291 0.9441879999999969 16
1771410886409 0.9486079999999788 17
1771410896616 0.9523930000000007 18
1771410907199 0.9607379999999921 19
1771410917465 0.9654409999999984 20
1771410927748 0.9693419999999833 21
1771410938048 0.975295999999986 22
1771410948302 0.9794399999999825 23
1771410958610 0.9934309999999869 24
1771410968804 1.0112179999999853 25
1771410979098 1.0191599999999994 26
1771410989483 1.089207999999985 27
1771410999781 1.0937889999999868 28
1771411010055 1.1014379999999733 29
1771411020337 1.108080000000001 30
1771411030562 1.112688999999989 31
1771411040871 1.1341159999999775 32
1771411051167 1.1449659999999824 33
1771411061571 1.154071999999985 34
1771411071919 1.1586700000000008 35
1771411082122 1.1740999999999815 36
1771411092317 1.1844519999999932 37
1771411102532 1.185986999999983 38
1771411112767 1.1895929999999737 39
1771411122999 1.1986429999999757 40
1771411133216 1.2070919999999887 41
1771411143356 1.2106589999999926 42
1771411153550 1.2145439999999894 43
1771411163965 1.2268349999999941 44
1771411174171 1.2312969999999837 45
1771411184409 1.2353359999999896 46
1771411194596 1.268969999999996 47
1771411204868 1.2950899999999876 48
1771411215048 1.3071019999999862 49
1771411225288 1.31495799999999 50
1771411235655 1.3188989999999876 51
1771411246067 1.334181000000001 52
1771411256345 1.3490219999999908 53
1771411266688 1.3713169999999764 54
1771411276972 1.3771989999999903 55
1771411287245 1.3932999999999822 56
1771411297471 1.4052339999999788 57
1771411307715 1.4178819999999916 58
1771411318204 1.4226679999999874 59
1771411328645 1.4266889999999819 60
1771411338890 1.4322449999999947 61
1771411349131 1.4645249999999805 62
1771411359356 1.4778539999999794 63
1771411369618 1.4816769999999906 64
1771411379854 1.4908539999999846 65
1771411390071 1.4982439999999997 66
1771411400204 1.5230669999999975 67
1771411410444 1.5271169999999756 68
1771411420655 1.536642999999998 69
1771411430816 1.540838999999977 70
1771411440990 1.5490109999999788 71
1771411451155 1.552582000000001 72
1771411461343 1.5562739999999735 73
1771411471556 1.5596089999999947 74
1771411481728 1.5638389999999731 75
1771411492160 1.5678539999999828 76
1771411502592 1.5720079999999825 77
1771411512923 1.5761660000000006 78
1771411523190 1.57984399999998 79
1771411533459 1.596823999999998 80
1771411543740 1.6025299999999731 81
1771411554049 1.6062739999999849 82
1771411564352 1.620022999999975 83
1771411574702 1.6241699999999923 84
1771411585077 1.6355229999999779 85
1771411595357 1.6819739999999967 86
1771411605632 1.691554999999994 87
1771411615907 1.714348000000001 88
1771411626205 1.7221929999999759 89
1771411636499 1.725843999999995 90
1771411646821 1.7584129999999902 91
1771411657297 1.7603659999999763 92
1771411667674 1.785347999999999 93
1771411677878 1.790614999999974 94
1771411688071 1.8127879999999834 95
1771411698344 1.8860579999999914 96
1771411708609 1.9191319999999905 97
1771411718874 1.922019999999975 98
1771411729112 1.9280709999999885 99
1771411739264 1.939329999999984 100
1771411749804 1.9426269999999874 101
1771411760100 1.9462919999999997 102
1771411770408 1.9507720000000006 103
1771411780643 1.9609129999999766 104
1771411790873 1.9639479999999878 105
1771411801068 1.9685779999999795 106
1771411811359 1.9724649999999997 107
1771411821572 1.989044999999976 108
1771411831888 2.0540989999999795 109
1771411842388 2.0738289999999893 110
1771411852645 2.1080449999999757 111
1771411862997 2.181230999999997 112
1771411873341 2.2714059999999847 113
1771411883677 2.2849609999999814 114
1771411894057 2.304282999999998 115
1771411904376 2.3176579999999944 116
1771411914722 2.3371989999999983 117
1771411925068 2.396388999999999 118
1771411935520 2.407065999999986 119
1771411945752 2.4102209999999786 120
1771411955984 2.4122500000000002 121
1771411966294 2.413012999999978 122
1771411976499 2.415633999999983 123
1771411986700 2.4188959999999895 124
1771411997028 2.423732000000001 125
1771412007372 2.425837999999999 126
1771412017720 2.429271 127
1771412028013 2.431771999999995 128
1771412038192 2.4347259999999835 129
1771412048487 2.4371620000000007 130
1771412058800 2.439797999999996 131
1771412069106 2.4439629999999966 132
1771412079291 2.446423999999979 133
1771412089551 2.4485289999999793 134
1771412099722 2.451594 135
1771412109849 2.4545679999999948 136
1771412120121 2.456938999999977 137
1771412130376 2.4593559999999854 138
1771412140604 2.463600999999983 139
1771412150849 2.4685379999999952 140
1771412160989 2.470969999999994 141
1771412171443 2.473858999999976 142
1771412181644 2.4764509999999973 143
1771412191798 2.5039289999999994 144
1771412202036 2.50661199999999 145
1771412212295 2.5076839999999834 146
1771412222512 2.509730999999988 147
1771412232746 2.528008 148
1771412242886 2.5303399999999954 149
1771412253140 2.5326939999999922 150
1771412263329 2.535650999999973 151
1771412273535 2.538778999999977 152
1771412283886 2.541409999999985 153
1771412294066 2.5439499999999953 154
1771412304363 2.5463919999999973 155
1771412314638 2.5698399999999992 156
1771412324777 2.6243499999999926 157
1771412335040 2.633319 158
1771412345541 2.6417439999999885 159
1771412355828 2.6446499999999844 160
1771412366150 2.659249999999986 161
1771412376288 2.664578999999975 162
1771412386650 2.6675989999999956 163
1771412396921 2.669757999999973 164
1771412407057 2.6718639999999994 165
1771412417183 2.6741759999999886 166
1771412427524 2.677718999999996 167
1771412437830 2.682030999999995 168
1771412448007 2.6860269999999957 169
1771412458109 2.6881839999999784 170
1771412468371 2.6928020000000004 171
1771412478671 2.6957299999999975 172
1771412488827 2.714960999999988 173
1771412498948 2.719685999999996 174
1771412509365 2.7228859999999884 175
1771412519696 2.7260009999999966 176
1771412529957 2.7282679999999857 177
1771412540214 2.730632999999983 178
1771412550416 2.733171999999996 179
1771412560708 2.7356089999999824 180
1771412570858 2.7379149999999868 181
1771412580958 2.7405179999999802 182
1771412591315 2.743808999999999 183
1771412601610 2.7467849999999885 184
1771412611784 2.7490949999999827 185
1771412621937 2.751283000000001 186
1771412632054 2.7537249999999744 187
1771412642309 2.7559379999999862 188
1771412652456 2.7582049999999754 189
1771412662562 2.7648849999999925 190
1771412672957 2.7760459999999796 191
1771412683230 2.783742999999987 192
1771412693434 2.7859339999999975 193
1771412703549 2.786960999999991 194
1771412713850 2.794238999999976 195
1771412724174 2.7970759999999757 196
1771412734323 2.799235999999979 197
1771412744581 2.803753999999998 198
1771412754982 2.8070749999999975 199
1771412765107 2.8100689999999986 200
1771412775339 2.8123779999999954 201
1771412785625 2.826349999999991 202
1771412795879 2.8380659999999978 203
1771412806108 2.8404829999999777 204
1771412816252 2.8427669999999807 205
1771412826492 2.8450339999999983 206
1771412836780 2.847994 207
1771412847145 2.8512329999999793 208
1771412857456 2.853478999999993 209
1771412867669 2.8556269999999984 210
1771412877898 2.8579779999999744 211
1771412888039 2.8608979999999917 212
1771412898162 2.863346999999976 213
1771412908351 2.865559999999988 214
1771412918682 2.8685029999999756 215
1771412928932 2.8719509999999957 216
1771412939159 2.8745369999999753 217
1771412949346 2.8754189999999937 218
1771412959529 2.8766959999999813 219
1771412969768 2.8906589999999994 220
1771412979920 2.892967999999996 221
1771412990411 2.8951279999999997 222
1771413000641 2.897962999999976 223
1771413010928 2.901533999999998 224
1771413021118 2.9068029999999965 225
1771413031291 2.909721999999988 226
1771413041551 2.913909999999987 227
1771413051785 2.9163949999999943 228
1771413061931 2.9186639999999784 229
1771413072416 2.9209069999999997 230
1771413082665 2.923676999999998 231
1771413092880 2.940013999999991 232
1771413103141 2.942485999999974 233
1771413113388 2.944941 234
1771413123617 2.9472249999999747 235
1771413133850 2.9498509999999953 236
1771413144013 2.952237999999994 237
1771413154427 2.9598019999999963 238
1771413164603 2.962164999999999 239
1771413174819 2.965122999999977 240
1771413185051 2.967653999999982 241
1771413195259 2.970089999999999 242
1771413205512 2.9704969999999946 243
1771413215867 2.9801569999999913 244
1771413226025 2.9829389999999876 245
1771413236279 2.985152999999997 246
1771413246573 2.9880299999999806 247
1771413256778 2.996251000000001 248
1771413267022 3.0082479999999805 249
1771413277283 3.0103529999999807 250
1771413287644 3.012788999999998 251
1771413297863 3.0153379999999856 252
1771413308035 3.017854 253
1771413318340 3.0205729999999846 254
1771413328645 3.023354999999981 255
1771413338951 3.028318999999982 256
1771413349229 3.030597 257
1771413359482 3.0328989999999862 258
1771413369781 3.035045999999994 259
1771413380057 3.037783999999988 260
1771413390440 3.0535819999999774 261
1771413400959 3.056716999999992 262
1771413411180 3.0596599999999796 263
1771413421433 3.062197999999995 264
1771413431767 3.0646569999999826 265
1771413442041 3.0670869999999866 266
1771413452328 3.06946099999999 267
1771413462610 3.0717959999999778 268
1771413472813 3.073993999999999 269
1771413483285 3.074452999999977 270
1771413493595 3.0795539999999733 271
1771413503880 3.083323999999976 272
1771413514190 3.085645999999997 273
1771413524509 3.0880739999999776 274
1771413534909 3.090512999999987 275
1771413545292 3.092901999999981 276
1771413555636 3.0952199999999834 277
1771413566033 3.1078059999999823 278
1771413576297 3.110890999999981 279
1771413586523 3.1156019999999955 280
1771413596719 3.117802999999981 281
1771413606902 3.1203359999999805 282
1771413617136 3.1225519999999847 283
1771413627285 3.1262009999999805 284
1771413637412 3.1346249999999998 285
1771413647748 3.1400309999999934 286
1771413657997 3.143190999999973 287
1771413668225 3.145674999999983 288
1771413678379 3.1477809999999806 289
1771413688611 3.167525999999981 290
1771413698893 3.1754379999999855 291
1771413709052 3.177995999999979 292
1771413719389 3.180263999999994 293
1771413729760 3.1830329999999947 294
1771413739885 3.1862429999999904 295
1771413750138 3.187170999999978 296
1771413760411 3.189362999999986 297
1771413770651 3.1921979999999905 298
1771413780940 3.1946419999999875 299
1771413791096 3.1975169999999764 300
1771413801353 3.199816999999996 301
1771413811868 3.2025979999999947 302
1771413822145 3.205475999999976 303
1771413832342 3.207967999999994 304
1771413842576 3.2102099999999893 305
1771413852752 3.2124239999999986 306
1771413863004 3.214570999999978 307
1771413873146 3.226746999999989 308
1771413883651 3.2290789999999845 309
1771413893885 3.2320609999999874 310
1771413904121 3.2350449999999853 311
1771413914300 3.2378089999999986 312
1771413924557 3.2400759999999877 313
1771413934814 3.242420999999979 314
1771413945101 3.246781999999996 315
1771413955256 3.2493869999999845 316
1771413965612 3.2521709999999757 317
1771413975821 3.255059999999986 318
1771413986099 3.2628330000000005 319
1771413996325 3.287372999999974 320
1771414006543 3.28978699999999 321
1771414016775 3.294530999999978 322
1771414027102 3.297506999999996 323
1771414037290 3.3144439999999804 324
1771414047719 3.316549999999978 325
1771414057971 3.319330999999977 326
1771414068211 3.3224639999999965 327
1771414078506 3.325499999999977 328
1771414088775 3.3278629999999794 329
1771414099058 3.330287999999996 330
1771414109350 3.3325959999999952 331
1771414119748 3.3352299999999957 332
1771414130320 3.3376679999999794 333
1771414140582 3.340469999999982 334
1771414150807 3.343336999999991 335
1771414161121 3.3458759999999756 336
1771414171403 3.3580049999999915 337
1771414181688 3.360272999999978 338
1771414191970 3.3627159999999776 339
1771414202250 3.365158999999977 340
1771414212678 3.368103999999988 341
1771414222942 3.3708319999999787 342
1771414233222 3.373141999999973 343
1771414243505 3.3777529999999842 344
1771414253782 3.380189999999999 345
1771414264080 3.3827169999999853 346
1771414274348 3.3850889999999936 347
1771414284691 3.387531999999993 348
1771414295109 3.4043589999999995 349
1771414305441 3.407365999999996 350
1771414315778 3.4082769999999982 351
1771414326004 3.410041999999976 352
1771414336248 3.4129529999999875 353
1771414346478 3.415501999999975 354
1771414356697 3.418038999999993 355
1771414366811 3.420724999999976 356
1771414377211 3.4235599999999806 357
1771414387484 3.427153999999973 358
1771414397682 3.429701999999992 359
1771414407807 3.4320359999999823 360
1771414418192 3.434344999999979 361
1771414428529 3.4366119999999967 362
1771414438710 3.439095999999978 363
1771414448923 3.4417179999999803 364
1771414459163 3.4449539999999956 365
1771414469401 3.4577709999999797 366
1771414479693 3.463553999999988 367
1771414489978 3.4661999999999864 368
1771414500222 3.4683889999999735 369
1771414510375 3.4706999999999937 370
1771414520528 3.473021999999986 371
1771414530904 3.4762489999999957 372
1771414541214 3.4803599999999904 373
1771414551467 3.4834719999999777 374
1771414561673 3.4858019999999783 375
1771414571846 3.486192999999986 376
1771414582103 3.497495999999984 377
1771414592335 3.5081279999999992 378
1771414602476 3.510836999999981 379
1771414612887 3.5132989999999893 380
1771414623083 3.516241999999977 381
1771414633258 3.5191329999999823 382
1771414643529 3.5219319999999925 383
1771414653750 3.524513999999982 384
1771414664035 3.526781999999997 385
1771414674215 3.5291999999999746 386
1771414684372 3.531749999999988 387
1771414694683 3.534419999999983 388
1771414704948 3.537645999999995 389
1771414715164 3.540697999999992 390
1771414725382 3.5484389999999735 391
1771414735610 3.558325999999994 392
1771414745930 3.562080999999978 393
1771414756166 3.564239999999984 394
1771414766630 3.57078199999998 395
1771414776991 3.582589999999982 396
1771414787274 3.585522999999995 397
1771414797634 3.5877369999999758 398
1771414807875 3.5900369999999953 399
1771414818138 3.5928129999999783 400
1771414828443 3.5934549999999774 401
1771414838741 3.5977729999999895 402
1771414849062 3.6009009999999932 403
1771414859434 3.6038329999999803 404
1771414869710 3.606884999999977 405
1771414880032 3.6099369999999738 406
1771414890289 3.625477999999987 407
1771414900570 3.6281219999999905 408
1771414910873 3.6305799999999806 409
1771414921157 3.6328479999999956 410
1771414931335 3.635169999999988 411
1771414941815 3.657796999999988 412
1771414952101 3.6602379999999926 413
1771414962370 3.667835999999994 414
1771414972675 3.6702119999999923 415
1771414983016 3.672910999999999 416
1771414993333 3.6755019999999945 417
1771415003667 3.6779599999999846 418
1771415013965 3.680281999999977 419
1771415024491 3.6835869999999886 420
1771415034836 3.6867249999999956 421
1771415045026 3.6891969999999787 422
1771415055193 3.6913569999999822 423
1771415065386 3.6981639999999913 424
1771415075642 3.7057559999999796 425
1771415085867 3.708403999999973 426
1771415096115 3.7111329999999896 427
1771415106458 3.7123519999999814 428
1771415116731 3.714618999999999 429
1771415126986 3.7171969999999988 430
1771415137213 3.7201829999999916 431
1771415147402 3.7247079999999926 432
1771415157755 3.7272529999999904 433
1771415167921 3.7295749999999828 434
1771415178190 3.732000999999997 435
1771415188580 3.7432769999999778 436
1771415198742 3.752466999999996 437
1771415209115 3.754679999999979 438
1771415219423 3.7568689999999947 439
1771415229641 3.7592459999999903 440
1771415239809 3.7616739999999993 441
1771415249948 3.764005999999995 442
1771415260137 3.770854999999983 443
1771415270479 3.7738479999999868 444
1771415280772 3.7773479999999893 445
1771415291019 3.781949999999995 446
1771415301277 3.784271999999987 447
1771415311511 3.786642999999998 448
1771415321770 3.789439999999985 449
1771415331930 3.791954999999973 450
1771415342467 3.794873999999993 451
1771415352735 3.7980879999999786 452
1771415362956 3.800471999999985 453
1771415373216 3.8108919999999955 454
1771415383494 3.8151829999999904 455
1771415393711 3.8180739999999957 456
1771415403969 3.8228289999999845 457
1771415414120 3.825503999999995 458
1771415424481 3.8329289999999787 459
1771415434757 3.835817999999989 460
1771415445006 3.8410149999999987 461
1771415455313 3.845213000000001 462
1771415465675 3.847759999999994 463
1771415476016 3.8503589999999974 464
1771415486280 3.864099999999979 465
1771415496798 3.8817359999999894 466
1771415507209 3.8843379999999854 467
1771415517586 3.8873029999999744 468
1771415527853 3.890367999999995 469
1771415538144 3.893034 470
1771415548446 3.895738999999992 471
1771415558719 3.909122999999994 472
1771415569054 3.911781999999988 473
1771415579417 3.916308999999984 474
1771415589792 3.9259939999999744 475
1771415600115 3.9314379999999858 476
1771415610344 3.9370209999999872 477
1771415620607 3.9393309999999815 478
1771415630906 3.9418649999999786 479
1771415641276 3.951106999999979 480
1771415651648 3.9523259999999993 481
1771415662024 3.954162999999994 482
1771415672466 3.9696779999999876 483
1771415682796 3.9728250000000003 484
1771415693050 3.9758239999999887 485
1771415703290 3.978037999999998 486
1771415713537 3.9804149999999936 487
1771415723772 3.982882999999987 488
1771415734012 3.9854079999999783 489
1771415744272 3.989617999999979 490
1771415754583 3.992642999999987 491
1771415764790 3.9956419999999753 492
1771415774964 3.9981389999999806 493
1771415785235 4.000339999999994 494
1771415795379 4.023797999999999 495
1771415805630 4.026617999999985 496
1771415815813 4.029239999999987 497
1771415825926 4.031784999999985 498
1771415836299 4.034802999999982 499
1771415846518 4.038014999999973 500
1771415856675 4.0408669999999915 501
1771415866812 4.050167999999985 502
1771415877135 4.052505999999994 503
1771415887466 4.054845999999998 504
1771415897635 4.057673999999992 505
1771415907882 4.060389999999984 506
1771415918241 4.060916999999989 507
1771415928563 4.063098999999994 508
1771415938883 4.066827999999987 509
1771415949147 4.069421999999975 510
1771415959397 4.071861999999982 511
1771415969637 4.087086999999997 512
1771415979794 4.091018999999989 513
1771415990280 4.093432999999976 514
1771416000500 4.096375999999992 515
1771416010758 4.099240999999978 516
1771416021007 4.10172799999998 517
1771416031268 4.104081999999977 518
1771416041474 4.125963999999982 519
1771416051773 4.128263999999973 520
1771416061940 4.130750999999975 521
1771416072337 4.132938999999993 522
1771416082599 4.136144999999999 523
1771416092847 4.156571999999983 524
1771416103088 4.159014999999982 525
1771416113348 4.161323999999979 526
1771416123697 4.163591999999994 527
1771416133946 4.166005999999982 528
1771416144214 4.168641999999977 529
1771416154609 4.17171399999998 530
1771416164858 4.174738999999988 531
1771416175265 4.177372999999989 532
1771416185532 4.18019799999999 533
1771416195730 4.180968999999976 534
1771416206010 4.183033999999992 535
1771416216315 4.185815999999988 536
1771416226498 4.188355000000001 537
1771416236965 4.190460999999999 538
1771416247229 4.193391999999989 539
1771416257552 4.196601999999984 540
1771416267925 4.201346999999998 541
1771416278348 4.219110999999998 542
1771416288746 4.221388999999988 543
1771416299092 4.223597999999981 544
1771416309274 4.226039999999983 545
1771416319399 4.228435999999988 546
1771416329910 4.231216999999987 547
1771416340257 4.239120999999983 548
1771416350506 4.241892999999976 549
1771416360648 4.244107999999983 550
1771416370995 4.24647299999998 551
1771416381330 4.260087999999996 552
1771416391492 4.271724999999975 553
1771416401721 4.274467999999985 554
1771416412018 4.277290999999991 555
1771416422418 4.280018999999982 556
1771416432780 4.282460999999984 557
1771416443067 4.2852379999999926 558
1771416453305 4.28787699999998 559
1771416463468 4.290144999999995 560
1771416473627 4.291250999999988 561
1771416484065 4.293128999999993 562
1771416494375 4.296585999999991 563
1771416504645 4.299355999999989 564
1771416514870 4.301828 565
1771416525109 4.304500999999988 566
1771416535327 4.306831999999986 567
1771416545578 4.3090329999999994 568
1771416555754 4.311739999999986 569
1771416566155 4.316075999999981 570
1771416576341 4.329172 571
1771416586642 4.332039999999978 572
1771416596902 4.334524999999985 573
1771416607188 4.336629999999985 574
1771416617541 4.339056999999997 575
1771416627768 4.341935999999976 576
1771416638193 4.346262999999993 577
1771416648563 4.349410999999975 578
1771416658810 4.351751999999976 579
1771416669145 4.354643999999979 580
1771416679418 4.357208999999983 581
1771416689672 4.369770999999986 582
1771416699925 4.387115999999992 583
1771416710259 4.389541999999977 584
1771416720650 4.3919839999999795 585
1771416730995 4.394657999999993 586
1771416741222 4.395837999999998 587
1771416751543 4.398725999999982 588
1771416761841 4.407601999999997 589
1771416772113 4.409998999999999 590
1771416782383 4.412306999999998 591
1771416792703 4.4146399999999915 592
1771416803075 4.4174759999999935 593
1771416813492 4.419826999999998 594
1771416823741 4.427517999999992 595
1771416833999 4.430352999999997 596
1771416844287 4.43274199999999 597
1771416854598 4.434942999999976 598
1771416864765 4.437048999999973 599
1771416874953 4.449087999999989 600
1771416885274 4.451913999999988 601
1771416895710 4.45497499999999 602
1771416906006 4.457830000000001 603
1771416916342 4.460098999999985 604
1771416926660 4.462542999999982 605
1771416936940 4.464785999999975 606
1771416947110 4.4689089999999965 607
1771416957283 4.471176999999983 608
1771416967426 4.4737169999999935 609
1771416977889 4.476925999999992 610
1771416988227 4.487415999999996 611
1771416998477 4.5005669999999895 612
1771417008796 4.503235999999987 613
1771417019116 4.5055659999999875 614
1771417029406 4.506087999999977 615
1771417039575 4.508119999999991 616
1771417049829 4.511685999999997 617
1771417060203 4.514606999999984 618
1771417070566 4.52220299999999 619
1771417080882 4.524701999999991 620
1771417091073 4.529416999999995 621
1771417101336 4.531878999999975 622
1771417111585 4.541404 623
1771417121757 4.543882999999994 624
1771417132212 4.5467359999999815 625
1771417142389 4.549624999999992 626
1771417152562 4.552675999999991 627
1771417162836 4.555155999999982 628
1771417173078 4.567554999999999 629
1771417183384 4.571945999999997 630
1771417193739 4.57415899999998 631
1771417203918 4.576426999999995 632
1771417214207 4.579825999999997 633
1771417224487 4.582416999999992 634
1771417234722 4.585198999999989 635
1771417244974 4.589756999999992 636
1771417255399 4.592381999999986 637
1771417265684 4.5948239999999885 638
1771417275893 4.597327999999976 639
1771417286277 4.607773999999978 640
1771417296721 4.6190249999999935 641
1771417307091 4.619990000000001 642
1771417317359 4.622362999999979 643
1771417327604 4.624372999999991 644
1771417337964 4.627821999999981 645
1771417348193 4.630370999999997 646
1771417358438 4.632756999999998 647
1771417368758 4.639554999999973 648
1771417379094 4.642187999999976 649
1771417389462 4.645375000000001 650
1771417399800 4.648427999999996 651
1771417410090 4.650587999999999 652
1771417420396 4.653030999999999 653
1771417430704 4.655444999999986 654
1771417440995 4.657849999999996 655
1771417451311 4.659955999999994 656
1771417461771 4.663105999999999 657
1771417472128 4.6704249999999945 658
1771417482447 4.678115999999989 659
1771417492665 4.680695999999983 660
1771417502850 4.683241999999979 661
1771417513195 4.685508999999996 662
1771417523410 4.6879909999999825 663
1771417533588 4.6902589999999975 664
1771417544049 4.695253999999977 665
1771417554391 4.698424999999986 666
1771417564565 4.7014700000000005 667
1771417574954 4.703845999999999 668
1771417585282 4.706221999999997 669
1771417595607 4.733355999999986 670
1771417605767 4.735836999999975 671
1771417616155 4.743083999999982 672
1771417626681 4.746255999999988 673
1771417636992 4.754602999999975 674
1771417647237 4.756879999999995 675
1771417657499 4.759256999999991 676
1771417667750 4.762021999999973 677
1771417678009 4.76427799999999 678
1771417688170 4.766639999999995 679
1771417698620 4.769094999999993 680
1771417708811 4.772252999999978 681
1771417719068 4.775649999999985 682
1771417729273 4.77793699999998 683
1771417739528 4.780473999999998 684
1771417749821 4.782970999999975 685
1771417760143 4.785267999999974 686
1771417770297 4.787631999999974 687
1771417780660 4.800715999999994 688
1771417790939 4.803423999999978 689
1771417801274 4.806258999999983 690
1771417811507 4.808472999999992 691
1771417821805 4.811432999999994 692
1771417832002 4.814037999999982 693
1771417842308 4.818656999999973 694
1771417852774 4.821020999999973 695
1771417863178 4.823911999999979 696
1771417873400 4.825131999999996 697
1771417883694 4.827393999999998 698
1771417893945 4.8433709999999905 699
1771417904267 4.845810999999998 700
1771417914581 4.848572999999988 701
1771417924899 4.850840999999974 702
1771417935312 4.853162999999995 703
1771417945732 4.855601999999976 704
1771417956053 4.858932999999979 705
1771417966376 4.862400999999977 706
1771417976677 4.864795999999984 707
1771417986990 4.867211999999995 708
1771417997288 4.869709 709
1771418007511 4.872017999999997 710
1771418017794 4.874314999999996 711
1771418028105 4.8770959999999945 712
1771418038317 4.880159999999989 713
1771418048620 4.882810999999975 714
1771418058899 4.885579999999976 715
1771418069121 4.887684999999976 716
1771418079389 4.903759999999977 717
1771418089558 4.905973999999986 718
1771418099811 4.908186999999998 719
1771418110079 4.911063999999982 720
1771418120434 4.9143419999999765 721
1771418130729 4.916952999999978 722
1771418141016 4.919883999999996 723
1771418151251 4.921535999999975 724
1771418161514 4.924764999999979 725
1771418171675 4.927236999999991 726
1771418182192 4.937767999999977 727
1771418192434 4.949445999999995 728
1771418202685 4.952897999999976 729
1771418212973 4.955279999999988 730
1771418223190 4.957426999999996 731
1771418233439 4.959639999999979 732
1771418243664 4.9677409999999895 733
1771418254130 4.974222999999995 734
1771418264578 4.976758999999987 735
1771418274959 4.979953999999992 736
1771418285207 4.983177999999981 737
1771418295418 4.998509999999982 738
1771418305725 5.001066999999978 739
1771418316082 5.00342599999999 740
1771418326351 5.005861999999979 741
1771418336721 5.008074999999991 742
1771418347011 5.011234999999999 743
1771418357338 5.014177999999987 744
1771418367652 5.01642099999998 745
1771418377917 5.029986999999977 746
1771418388229 5.032428999999979 747
1771418398562 5.034534999999977 748
1771418408889 5.036876999999976 749
1771418419257 5.039422999999999 750
1771418429726 5.042518000000001 751
1771418440031 5.052280999999994 752
1771418450397 5.052835999999985 753
1771418460690 5.055006999999989 754
1771418471013 5.058127999999982 755
1771418481227 5.062581999999992 756
1771418491426 5.077964999999978 757
1771418501567 5.080295999999976 758
1771418511990 5.0836459999999875 759
1771418522246 5.086509999999976 760
1771418532452 5.0887519999999995 761
1771418542739 5.091072999999994 762
1771418553049 5.093851000000001 763
1771418563351 5.096191999999974 764
1771418573548 5.098459999999989 765
1771418583809 5.100958999999989 766
1771418594239 5.104278999999991 767
1771418604559 5.10741299999998 768
1771418614849 5.109572999999983 769
1771418625117 5.111774999999994 770
1771418635383 5.114272 771
1771418645647 5.116430999999977 772
1771418655805 5.118673000000001 773
1771418665991 5.121507999999977 774
1771418676436 5.136001999999991 775
