1771410712228 0.0 0
1771410722437 0.36443899999994755 1
1771410732774 0.5267800000001444 2
1771410743030 0.7062230000001364 3
1771410753278 0.8708190000002105 4
1771410763540 0.9927000000002408 5
1771410773760 1.1734660000001895 6
1771410783870 1.3257050000001982 7
1771410794059 1.4390229999999065 8
1771410804382 1.5944230000000061 9
1771410814829 1.70517400000017 10
1771410825142 1.8267300000002251 11
1771410835417 1.9682969999998932 12
1771410845643 2.1029499999999643 13
1771410855859 2.217106000000058 14
1771410866043 2.331206000000293 15
1771410876291 2.4473480000001473 16
1771410886409 2.56397300000026 17
1771410896616 2.6763150000001588 18
1771410907199 2.790248000000247 19
1771410917465 2.9081519999999728 20
1771410927748 3.0232860000000983 21
1771410938048 3.146031000000221 22
1771410948302 3.2606690000002345 23
1771410958610 3.3970220000001063 24
1771410968804 3.511594000000059 25
1771410979098 3.625319000000218 26
1771410989483 3.824438999999984 27
1771410999781 3.9400770000002012 28
1771411010055 4.057408000000123 29
1771411020337 4.201166000000285 30
1771411030562 4.358232999999927 31
1771411040871 4.524390000000039 32
1771411051167 4.729673000000275 33
1771411061571 4.851466000000073 34
1771411071919 4.967309999999998 35
1771411082122 5.093888000000334 36
1771411092317 5.216775000000325 37
1771411102532 5.324571999999989 38
1771411112767 5.438082000000122 39
1771411122999 5.551680999999917 40
1771411133216 5.666013999999905 41
1771411143356 5.77915400000029 42
1771411153550 5.8916800000001786 43
1771411163965 6.004913000000215 44
1771411174171 6.120372000000316 45
1771411184409 6.233854000000065 46
1771411194596 6.347483000000011 47
1771411204868 6.460746000000199 48
1771411215048 6.575095000000147 49
1771411225288 6.6876649999999245 50
1771411235655 6.8009250000000065 51
1771411246067 6.924297999999908 52
1771411256345 7.048954000000322 53
1771411266688 7.184215000000222 54
1771411276972 7.307603000000199 55
1771411287245 7.4571420000002036 56
1771411297471 7.63559000000032 57
1771411307715 7.749888000000283 58
1771411318204 7.86358700000028 59
1771411328645 7.9798100000002705 60
1771411338890 8.097340000000258 61
1771411349131 8.212527000000136 62
1771411359356 8.339562000000114 63
1771411369618 8.452855 64
1771411379854 8.561681000000135 65
1771411390071 8.675232999999935 66
1771411400204 8.79035900000008 67
1771411410444 8.908034999999927 68
1771411420655 9.028055000000222 69
1771411430816 9.141321000000062 70
1771411440990 9.254241000000093 71
1771411451155 9.367404999999962 72
1771411461343 9.48004200000014 73
1771411471556 9.593571000000338 74
1771411481728 9.707260000000133 75
1771411492160 9.820467000000008 76
1771411502592 9.935582999999951 77
1771411512923 10.051374000000123 78
1771411523190 10.165837999999894 79
1771411533459 10.333238000000165 80
1771411543740 10.455842000000303 81
1771411554049 10.57073100000025 82
1771411564352 10.701360000000022 83
1771411574702 10.816768000000138 84
1771411585077 10.930599000000257 85
1771411595357 11.123203999999987 86
1771411605632 11.239720000000034 87
1771411615907 11.354413000000022 88
1771411626205 11.471043000000009 89
1771411636499 11.61470300000019 90
1771411646821 11.756666000000223 91
1771411657297 11.949767999999949 92
1771411667674 12.091742999999951 93
1771411677878 12.207122000000254 94
1771411688071 12.357512999999926 95
1771411698344 12.497335999999905 96
1771411708609 12.542218000000048 97
1771411718874 12.551111000000219 98
1771411729112 12.559830000000147 99
1771411739264 12.573067000000265 100
1771411749804 12.58367300000009 101
1771411760100 12.591703000000052 102
1771411770408 12.602073000000019 103
1771411780643 12.618656000000101 104
1771411790873 12.627398999999969 105
1771411801068 12.644538000000011 106
1771411811359 12.653995000000123 107
1771411821572 12.684815999999955 108
1771411831888 13.03434900000002 109
1771411842388 13.086693000000196 110
1771411852645 13.261205000000245 111
1771411862997 15.407950000000255 112
1771411873341 16.393989000000147 113
1771411883677 16.403317000000243 114
1771411894057 16.50529600000027 115
1771411904376 16.516908000000058 116
1771411914722 16.526772000000165 117
1771411925068 16.56517100000019 118
1771411935520 16.581939000000148 119
1771411945752 16.588888000000225 120
1771411955984 16.603297999999995 121
1771411966294 16.60600599999998 122
1771411976499 16.612341000000015 123
1771411986700 16.61993500000017 124
1771411997028 16.63721200000009 125
1771412007372 16.643624000000273 126
1771412017720 16.65078399999993 127
1771412028013 16.657404000000042 128
1771412038192 16.663544999999885 129
1771412048487 16.670419000000038 130
1771412058800 16.676512000000002 131
1771412069106 16.688770000000204 132
1771412079291 16.69582500000024 133
1771412089551 16.70187100000021 134
1771412099722 16.708496000000196 135
1771412109849 16.714946000000054 136
1771412120121 16.720932000000175 137
1771412130376 16.728754000000208 138
1771412140604 16.74224600000025 139
1771412150849 16.75863900000013 140
1771412160989 16.76482900000019 141
1771412171443 16.771862000000056 142
1771412181644 16.778886000000057 143
1771412191798 16.903544000000238 144
1771412202036 16.909867000000304 145
1771412212295 16.911119000000326 146
1771412222512 16.91844399999991 147
1771412232746 16.948873000000276 148
1771412242886 16.95503400000007 149
1771412253140 16.96142000000009 150
1771412263329 16.967285000000174 151
1771412273535 16.974467999999888 152
1771412283886 16.981083000000126 153
1771412294066 16.987898000000314 154
1771412304363 16.993887000000086 155
1771412314638 17.042989000000034 156
1771412324777 17.167715000000044 157
1771412335040 17.18540299999995 158
1771412345541 17.2006879999999 159
1771412355828 17.207092000000102 160
1771412366150 17.230113999999958 161
1771412376288 17.240122000000156 162
1771412386650 17.247186000000056 163
1771412396921 17.252952000000278 164
1771412407057 17.258944000000156 165
1771412417183 17.26490100000001 166
1771412427524 17.277941000000283 167
1771412437830 17.284664000000248 168
1771412448007 17.2983549999999 169
1771412458109 17.303592000000208 170
1771412468371 17.394037000000026 171
1771412478671 17.399801000000025 172
1771412488827 17.490768000000116 173
1771412498948 17.502885000000333 174
1771412509365 17.509582000000137 175
1771412519696 17.516351000000213 176
1771412529957 17.52276000000029 177
1771412540214 17.528909000000112 178
1771412550416 17.54116900000008 179
1771412560708 17.55133100000012 180
1771412570858 17.55741900000021 181
1771412580958 17.564390000000003 182
1771412591315 17.571134000000256 183
1771412601610 17.577090000000226 184
1771412611784 17.58379700000023 185
1771412621937 17.589711999999963 186
1771412632054 17.59596300000021 187
1771412642309 17.6020510000003 188
1771412652456 17.608271999999943 189
1771412662562 17.622309000000314 190
1771412672957 17.68984300000011 191
1771412683230 17.701844000000165 192
1771412693434 17.70778999999993 193
1771412703549 17.709039000000303 194
1771412713850 17.72406799999999 195
1771412724174 17.730299000000286 196
1771412734323 17.736492 197
1771412744581 17.75047100000029 198
1771412754982 17.757348999999977 199
1771412765107 17.76364300000023 200
1771412775339 17.770254000000023 201
1771412785625 17.78150400000004 202
1771412795879 17.858885999999984 203
1771412806108 17.86500100000012 204
1771412816252 17.871407999999974 205
1771412826492 17.877694000000247 206
1771412836780 17.883880000000318 207
1771412847145 17.890244000000166 208
1771412857456 17.896040000000085 209
1771412867669 17.902074000000084 210
1771412877898 17.909152000000176 211
1771412888039 17.916334000000006 212
1771412898162 17.922793000000183 213
1771412908351 17.929169 214
1771412918682 17.93541499999992 215
1771412928932 17.942045000000235 216
1771412939159 17.948828999999932 217
1771412949346 17.954153000000133 218
1771412959529 17.955013000000235 219
1771412969768 17.978206000000228 220
1771412979920 17.984625999999935 221
1771412990411 17.990830000000187 222
1771413000641 17.996708000000126 223
1771413010928 18.004585000000134 224
1771413021118 18.020888000000014 225
1771413031291 18.027325999999903 226
1771413041551 18.040713000000324 227
1771413051785 18.047527000000173 228
1771413061931 18.05346899999995 229
1771413072416 18.059841000000233 230
1771413082665 18.065605000000232 231
1771413092880 18.154610000000048 232
1771413103141 18.160624000000098 233
1771413113388 18.166969000000336 234
1771413123617 18.17332600000009 235
1771413133850 18.18031000000019 236
1771413144013 18.186361000000034 237
1771413154427 18.208266000000094 238
1771413164603 18.214312999999947 239
1771413174819 18.220506999999998 240
1771413185051 18.227186999999958 241
1771413195259 18.2332650000003 242
1771413205512 18.234150000000227 243
1771413215867 18.249051000000236 244
1771413226025 18.255105000000185 245
1771413236279 18.26136200000019 246
1771413246573 18.267182000000048 247
1771413256778 18.279739999999947 248
1771413267022 18.30226900000025 249
1771413277283 18.30826100000013 250
1771413287644 18.31445900000017 251
1771413297863 18.320474999999988 252
1771413308035 18.32818700000007 253
1771413318340 18.335569000000305 254
1771413328645 18.3483369999999 255
1771413338951 18.362133000000085 256
1771413349229 18.368541000000278 257
1771413359482 18.374529000000166 258
1771413369781 18.380695000000287 259
1771413380057 18.38711400000011 260
1771413390440 18.46863200000007 261
1771413400959 18.47470000000021 262
1771413411180 18.480906000000232 263
1771413421433 18.487474999999904 264
1771413431767 18.49459999999999 265
1771413442041 18.500588000000334 266
1771413452328 18.506732000000284 267
1771413462610 18.51254199999994 268
1771413472813 18.51801000000023 269
1771413483285 18.51937799999996 270
1771413493595 18.532936000000063 271
1771413503880 18.539099999999962 272
1771413514190 18.545904000000064 273
1771413524509 18.55219500000021 274
1771413534909 18.558776000000307 275
1771413545292 18.56469100000004 276
1771413555636 18.57073700000001 277
1771413566033 18.59313999999995 278
1771413576297 18.59964799999989 279
1771413586523 18.613608999999997 280
1771413596719 18.619642999999996 281
1771413606902 18.62802499999998 282
1771413617136 18.638413000000128 283
1771413627285 18.645230000000083 284
1771413637412 18.65719399999989 285
1771413647748 18.672100000000228 286
1771413657997 18.678365000000213 287
1771413668225 18.68464700000004 288
1771413678379 18.690315000000282 289
1771413688611 18.772911999999906 290
1771413698893 18.788551000000098 291
1771413709052 18.795006000000285 292
1771413719389 18.80098100000032 293
1771413729760 18.80701500000032 294
1771413739885 18.813012999999955 295
1771413750138 18.814961999999923 296
1771413760411 18.830650000000333 297
1771413770651 18.836839000000055 298
1771413780940 18.84315400000014 299
1771413791096 18.850103000000217 300
1771413801353 18.855993000000126 301
1771413811868 18.862137000000075 302
1771413822145 18.868126000000302 303
1771413832342 18.874409999999898 304
1771413842576 18.8804540000001 305
1771413852752 18.886574999999993 306
1771413863004 18.892338999999993 307
1771413873146 18.915390000000116 308
1771413883651 18.921401999999944 309
1771413893885 18.92784699999993 310
1771413904121 18.934089000000313 311
1771413914300 18.94130300000006 312
1771413924557 18.947623999999905 313
1771413934814 18.954490999999962 314
1771413945101 18.96858800000018 315
1771413955256 18.975954999999885 316
1771413965612 18.981898999999885 317
1771413975821 18.988428000000113 318
1771413986099 19.00301800000034 319
1771413996325 19.122709000000214 320
1771414006543 19.127918000000136 321
1771414016775 19.131675000000087 322
1771414027102 19.138124999999945 323
1771414037290 19.173518999999942 324
1771414047719 19.179187000000184 325
1771414057971 19.185511000000133 326
1771414068211 19.192289000000073 327
1771414078506 19.200180000000273 328
1771414088775 19.20659700000033 329
1771414099058 19.212778999999955 330
1771414109350 19.222736000000168 331
1771414119748 19.228892000000087 332
1771414130320 19.235433000000285 333
1771414140582 19.24133699999993 334
1771414150807 19.24746899999991 335
1771414161121 19.253711000000294 336
1771414171403 19.27633999999989 337
1771414181688 19.282438000000184 338
1771414191970 19.288872000000083 339
1771414202250 19.294883000000027 340
1771414212678 19.301214999999956 341
1771414222942 19.313348000000133 342
1771414233222 19.319902000000184 343
1771414243505 19.333934000000227 344
1771414253782 19.341048000000228 345
1771414264080 19.347743000000264 346
1771414274348 19.354119999999966 347
1771414284691 19.36023800000021 348
1771414295109 19.442704999999933 349
1771414305441 19.448885000000246 350
1771414315778 19.44995000000017 351
1771414326004 19.45589199999995 352
1771414336248 19.462305000000015 353
1771414346478 19.46881600000006 354
1771414356697 19.484373000000232 355
1771414366811 19.490637000000334 356
1771414377211 19.496781000000283 357
1771414387484 19.50420699999995 358
1771414397682 19.511015999999927 359
1771414407807 19.517209999999977 360
1771414418192 19.523535000000265 361
1771414428529 19.530031000000236 362
1771414438710 19.536621000000196 363
1771414448923 19.5435480000001 364
1771414459163 19.549917000000278 365
1771414469401 19.573775000000296 366
1771414479693 19.58546800000022 367
1771414489978 19.593004000000292 368
1771414500222 19.598919000000024 369
1771414510375 19.607580000000326 370
1771414520528 19.613722000000053 371
1771414530904 19.620762999999897 372
1771414541214 19.634429000000182 373
1771414551467 19.64074699999992 374
1771414561673 19.646371000000272 375
1771414571846 19.647697000000335 376
1771414582103 19.660225999999966 377
1771414592335 19.738742000000002 378
1771414602476 19.745816999999988 379
1771414612887 19.752084000000195 380
1771414623083 19.758530000000064 381
1771414633258 19.76491299999998 382
1771414643529 19.771478000000116 383
1771414653750 19.778196000000207 384
1771414664035 19.784406000000217 385
1771414674215 19.79140899999993 386
1771414684372 19.798138000000108 387
1771414694683 19.8048389999999 388
1771414704948 19.811955000000125 389
1771414715164 19.819073000000117 390
1771414725382 19.831396999999924 391
1771414735610 19.844261000000188 392
1771414745930 19.85520200000019 393
1771414756166 19.86140000000023 394
1771414766630 19.87593199999992 395
1771414776991 19.898907000000236 396
1771414787274 19.905111000000034 397
1771414797634 19.911367000000155 398
1771414807875 19.917509000000337 399
1771414818138 19.92351800000006 400
1771414828443 19.925330999999915 401
1771414838741 19.93977300000006 402
1771414849062 19.946960000000217 403
1771414859434 19.95430000000033 404
1771414869710 19.961599000000206 405
1771414880032 19.968533000000207 406
1771414890289 20.05788500000017 407
1771414900570 20.064112000000023 408
1771414910873 20.07064500000024 409
1771414921157 20.076735999999983 410
1771414931335 20.083488000000216 411
1771414941815 20.145825999999943 412
1771414952101 20.16155400000025 413
1771414962370 20.174234999999953 414
1771414972675 20.181059000000005 415
1771414983016 20.187764000000243 416
1771414993333 20.194500000000062 417
1771415003667 20.200913000000128 418
1771415013965 20.21141800000032 419
1771415024491 20.218262000000323 420
1771415034836 20.225687000000107 421
1771415045026 20.232268000000204 422
1771415055193 20.238546000000042 423
1771415065386 20.252829999999904 424
1771415075642 20.267049000000043 425
1771415085867 20.273493000000144 426
1771415096115 20.28082600000016 427
1771415106458 20.28182300000026 428
1771415116731 20.288109000000077 429
1771415126986 20.300019000000248 430
1771415137213 20.306648000000223 431
1771415147402 20.320476000000326 432
1771415157755 20.32736100000011 433
1771415167921 20.334032000000207 434
1771415178190 20.340418000000227 435
1771415188580 20.35433600000033 436
1771415198742 20.4315730000003 437
1771415209115 20.437792000000172 438
1771415219423 20.443706999999904 439
1771415229641 20.44993199999999 440
1771415239809 20.45629400000007 441
1771415249948 20.46251600000005 442
1771415260137 20.475079000000278 443
1771415270479 20.48140400000011 444
1771415280772 20.488432000000103 445
1771415291019 20.50296900000012 446
1771415301277 20.509074000000055 447
1771415311511 20.515761999999995 448
1771415321770 20.52230099999997 449
1771415331930 20.52898899999991 450
1771415342467 20.5351340000002 451
1771415352735 20.54511300000013 452
1771415362956 20.55034700000033 453
1771415373216 20.584384000000227 454
1771415383494 20.60864700000002 455
1771415393711 20.61682000000019 456
1771415403969 20.635325000000194 457
1771415414120 20.642213000000083 458
1771415424481 20.66184000000021 459
1771415434757 20.670024999999896 460
1771415445006 20.683547999999973 461
1771415455313 20.696371 462
1771415465675 20.70280099999991 463
1771415476016 20.709960000000137 464
1771415486280 20.7432560000002 465
1771415496798 20.830467000000226 466
1771415507209 20.837354000000232 467
1771415517586 20.84367599999996 468
1771415527853 20.849870999999894 469
1771415538144 20.865761999999904 470
1771415548446 20.87326400000029 471
1771415558719 20.89888400000018 472
1771415569054 20.905668000000333 473
1771415579417 20.91723499999989 474
1771415589792 20.93726800000013 475
1771415600115 20.950850000000173 476
1771415610344 20.964214000000084 477
1771415620607 20.97159099999999 478
1771415630906 20.97798499999999 479
1771415641276 20.995875999999953 480
1771415651648 20.997028000000228 481
1771415662024 21.00631700000031 482
1771415672466 21.036281000000145 483
1771415682796 21.043044999999893 484
1771415693050 21.048903000000337 485
1771415703290 21.05513000000019 486
1771415713537 21.061515000000327 487
1771415723772 21.0683640000002 488
1771415734012 21.074679000000287 489
1771415744272 21.088364000000183 490
1771415754583 21.098499000000174 491
1771415764790 21.10809900000004 492
1771415774964 21.11440100000027 493
1771415785235 21.120316000000003 494
1771415795379 21.245208000000275 495
1771415805630 21.252006000000165 496
1771415815813 21.26164800000015 497
1771415825926 21.268605000000207 498
1771415836299 21.275081000000228 499
1771415846518 21.281656000000112 500
1771415856675 21.28963700000031 501
1771415866812 21.301600000000235 502
1771415877135 21.308964000000287 503
1771415887466 21.3150770000002 504
1771415897635 21.321314000000257 505
1771415907882 21.330089999999927 506
1771415918241 21.331826999999976 507
1771415928563 21.337436000000253 508
1771415938883 21.343471000000136 509
1771415949147 21.35043900000028 510
1771415959397 21.356607000000167 511
1771415969637 21.3857109999999 512
1771415979794 21.396070000000236 513
1771415990280 21.402604000000338 514
1771416000500 21.409002000000328 515
1771416010758 21.41511900000023 516
1771416021007 21.42756899999995 517
1771416031268 21.433524000000034 518
1771416041474 21.483651999999893 519
1771416051773 21.48978500000021 520
1771416061940 21.495718000000124 521
1771416072337 21.505233000000317 522
1771416082599 21.511193000000276 523
1771416092847 21.594900999999936 524
1771416103088 21.601200999999946 525
1771416113348 21.60726300000033 526
1771416123697 21.613252999999986 527
1771416133946 21.61936700000024 528
1771416144214 21.625586000000112 529
1771416154609 21.640965999999935 530
1771416164858 21.651217000000088 531
1771416175265 21.658789999999954 532
1771416185532 21.665722000000187 533
1771416195730 21.667453999999907 534
1771416206010 21.67327800000021 535
1771416216315 21.67915200000016 536
1771416226498 21.685825000000023 537
1771416236965 21.6915469999999 538
1771416247229 21.69827400000031 539
1771416257552 21.705381000000216 540
1771416267925 21.717517000000043 541
1771416278348 21.799398999999994 542
1771416288746 21.805239000000256 543
1771416299092 21.811149999999998 544
1771416309274 21.81711200000018 545
1771416319399 21.823267000000214 546
1771416329910 21.829048000000057 547
1771416340257 21.846101999999973 548
1771416350506 21.852577999999994 549
1771416360648 21.862582000000202 550
1771416370995 21.86853199999996 551
1771416381330 21.881588000000193 552
1771416391492 21.95990800000027 553
1771416401721 21.96629400000029 554
1771416412018 21.97216900000012 555
1771416422418 21.97783699999991 556
1771416432780 21.983905999999934 557
1771416443067 21.991375999999946 558
1771416453305 21.99827899999991 559
1771416463468 22.004566999999952 560
1771416473627 22.005247000000054 561
1771416484065 22.015170000000126 562
1771416494375 22.020903999999973 563
1771416504645 22.026667999999972 564
1771416514870 22.032670999999937 565
1771416525109 22.039279999999962 566
1771416535327 22.045264000000316 567
1771416545578 22.051112000000103 568
1771416555754 22.057862000000114 569
1771416566155 22.06975300000022 570
1771416576341 22.092992000000322 571
1771416586642 22.102642000000287 572
1771416596902 22.10872500000005 573
1771416607188 22.11453500000016 574
1771416617541 22.12038900000016 575
1771416627768 22.127264000000196 576
1771416638193 22.140859999999975 577
1771416648563 22.14717500000006 578
1771416658810 22.15363400000024 579
1771416669145 22.159434000000147 580
1771416679418 22.16916500000025 581
1771416689672 22.18182700000034 582
1771416699925 22.303337000000283 583
1771416710259 22.309670000000096 584
1771416720650 22.315579999999954 585
1771416730995 22.321170000000166 586
1771416741222 22.326634000000013 587
1771416751543 22.33798999999999 588
1771416761841 22.35189900000023 589
1771416772113 22.358071999999993 590
1771416782383 22.368187000000034 591
1771416792703 22.374084999999923 592
1771416803075 22.380239000000074 593
1771416813492 22.389930000000277 594
1771416823741 22.401644000000033 595
1771416833999 22.40754700000025 596
1771416844287 22.413554000000204 597
1771416854598 22.41937400000006 598
1771416864765 22.42513000000008 599
1771416874953 22.451148999999987 600
1771416885274 22.457818000000316 601
1771416895710 22.464265999999952 602
1771416906006 22.470062000000325 603
1771416916342 22.47633399999995 604
1771416926660 22.48905300000024 605
1771416936940 22.49516799999992 606
1771416947110 22.509121999999934 607
1771416957283 22.515627000000222 608
1771416967426 22.52619700000014 609
1771416977889 22.533182000000124 610
1771416988227 22.545132000000194 611
1771416998477 22.630208999999923 612
1771417008796 22.63660600000003 613
1771417019116 22.642636999999922 614
1771417029406 22.644337000000178 615
1771417039575 22.64992200000006 616
1771417049829 22.656674000000294 617
1771417060203 22.662548000000243 618
1771417070566 22.677991999999904 619
1771417080882 22.68459800000028 620
1771417091073 22.698059000000285 621
1771417101336 22.704647999999906 622
1771417111585 22.71657600000026 623
1771417121757 22.72306299999991 624
1771417132212 22.73021000000017 625
1771417142389 22.73626800000011 626
1771417152562 22.743120999999974 627
1771417162836 22.75291100000004 628
1771417173078 22.77605100000028 629
1771417183384 22.7894510000001 630
1771417193739 22.795407999999952 631
1771417203918 22.801534000000174 632
1771417214207 22.80864100000008 633
1771417224487 22.815038000000186 634
1771417234722 22.820860000000266 635
1771417244974 22.835465999999997 636
1771417255399 22.845491000000038 637
1771417265684 22.86057800000026 638
1771417275893 22.867449000000306 639
1771417286277 22.88280500000019 640
1771417296721 22.95858700000008 641
1771417307091 22.959309000000303 642
1771417317359 22.966108000000077 643
1771417327604 22.971986000000015 644
1771417337964 22.978830000000016 645
1771417348193 22.985453000000234 646
1771417358438 23.00320899999997 647
1771417368758 23.0151350000001 648
1771417379094 23.022252000000208 649
1771417389462 23.029273999999987 650
1771417399800 23.035869000000275 651
1771417410090 23.052374000000327 652
1771417420396 23.05957800000033 653
1771417430704 23.06588499999998 654
1771417440995 23.072466000000077 655
1771417451311 23.078472000000147 656
1771417461771 23.084737000000132 657
1771417472128 23.099473000000216 658
1771417482447 23.113534000000072 659
1771417492665 23.124960999999985 660
1771417502850 23.131352000000334 661
1771417513195 23.143192 662
1771417523410 23.14930600000025 663
1771417533588 23.15554199999997 664
1771417544049 23.169385000000148 665
1771417554391 23.176590999999917 666
1771417564565 23.185127000000193 667
1771417574954 23.19178899999997 668
1771417585282 23.197769000000335 669
1771417595607 23.31742600000007 670
1771417605767 23.329211000000214 671
1771417616155 23.33759400000008 672
1771417626681 23.344097000000147 673
1771417636992 23.37198400000034 674
1771417647237 23.377870000000257 675
1771417657499 23.38415299999997 676
1771417667750 23.391015000000152 677
1771417678009 23.40399000000025 678
1771417688170 23.41045000000031 679
1771417698620 23.41986799999995 680
1771417708811 23.430022000000008 681
1771417719068 23.43638600000031 682
1771417729273 23.442515000000185 683
1771417739528 23.449959000000035 684
1771417749821 23.456228999999894 685
1771417760143 23.46293999999989 686
1771417770297 23.469710000000305 687
1771417780660 23.49406799999997 688
1771417790939 23.500613000000158 689
1771417801274 23.511582999999973 690
1771417811507 23.51769800000011 691
1771417821805 23.53226500000028 692
1771417832002 23.538872999999967 693
1771417842308 23.55335100000002 694
1771417852774 23.559701000000132 695
1771417863178 23.565950000000157 696
1771417873400 23.56728000000021 697
1771417883694 23.572908000000098 698
1771417893945 23.655465000000277 699
1771417904267 23.661865999999918 700
1771417914581 23.668687000000318 701
1771417924899 23.6771090000002 702
1771417935312 23.68707600000016 703
1771417945732 23.693375000000287 704
1771417956053 23.709158000000116 705
1771417966376 23.716155999999955 706
1771417976677 23.72286699999995 707
1771417986990 23.72927699999991 708
1771417997288 23.73568800000021 709
1771418007511 23.742101000000275 710
1771418017794 23.74810400000024 711
1771418028105 23.75938300000007 712
1771418038317 23.765568000000258 713
1771418048620 23.773011000000224 714
1771418058899 23.779851000000235 715
1771418069121 23.785573000000113 716
1771418079389 23.814368000000286 717
1771418089558 23.820643000000018 718
1771418099811 23.826530000000275 719
1771418110079 23.83286100000032 720
1771418120434 23.839500999999927 721
1771418130729 23.84743800000024 722
1771418141016 23.85679600000003 723
1771418151251 23.862662 724
1771418161514 23.869322999999895 725
1771418171675 23.876038000000335 726
1771418182192 23.888253000000077 727
1771418192434 23.973829999999907 728
1771418202685 23.9869520000002 729
1771418212973 23.99314400000003 730
1771418223190 24.002010000000155 731
1771418233439 24.007920000000013 732
1771418243664 24.021396000000095 733
1771418254130 24.036871000000247 734
1771418264578 24.04315600000018 735
1771418274959 24.05039600000009 736
1771418285207 24.05731300000025 737
1771418295418 24.080742999999984 738
1771418305725 24.08692599999995 739
1771418316082 24.09356200000002 740
1771418326351 24.103156000000126 741
1771418336721 24.109302000000298 742
1771418347011 24.115949 743
1771418357338 24.12233900000001 744
1771418367652 24.12847499999998 745
1771418377917 24.150696000000153 746
1771418388229 24.157050000000254 747
1771418398562 24.162772000000132 748
1771418408889 24.16910000000007 749
1771418419257 24.178706000000147 750
1771418429726 24.185075000000325 751
1771418440031 24.203909000000294 752
1771418450397 24.205357000000276 753
1771418460690 24.21106200000031 754
1771418471013 24.21742600000016 755
1771418481227 24.23348100000021 756
1771418491426 24.322963999999956 757
1771418501567 24.32885000000033 758
1771418511990 24.338745000000017 759
1771418522246 24.344606000000113 760
1771418532452 24.350770999999895 761
1771418542739 24.35680000000002 762
1771418553049 24.372505000000274 763
1771418563351 24.38765199999989 764
1771418573548 24.406093000000055 765
1771418583809 24.412940000000162 766
1771418594239 24.426366000000144 767
1771418604559 24.43284799999992 768
1771418614849 24.44202600000017 769
1771418625117 24.447790000000168 770
1771418635383 24.45473600000014 771
1771418645647 24.46057400000018 772
1771418655805 24.466648000000077 773
1771418665991 24.472455000000082 774
1771418676436 24.502886000000217 775
