1771410712228 7031.0 0
1771410722437 13137.4 1
1771410732774 13938.9 2
1771410743030 8319.3 3
1771410753278 8086.5 4
1771410763540 12414.4 5
1771410773760 14842.9 6
1771410783870 10301.2 7
1771410794059 7966.8 8
1771410804382 12042.5 9
1771410814829 8217.9 10
1771410825142 15022.5 11
1771410835417 14433.9 12
1771410845643 13936.4 13
1771410855859 13788.9 14
1771410866043 13265.9 15
1771410876291 12870.9 16
1771410886409 12389.3 17
1771410896616 7888.9 18
1771410907199 7603.3 19
1771410917465 8698.7 20
1771410927748 8679.0 21
1771410938048 8384.5 22
1771410948302 8638.4 23
1771410958610 8411.7 24
1771410968804 8816.6 25
1771410979098 8912.5 26
1771410989483 8442.1 27
1771410999781 12259.3 28
1771411010055 12417.7 29
1771411020337 12087.9 30
1771411030562 12250.9 31
1771411040871 11909.1 32
1771411051167 12749.1 33
1771411061571 12720.9 34
1771411071919 7971.7 35
1771411082122 12900.3 36
1771411092317 13034.2 37
1771411102532 12840.0 38
1771411112767 12711.5 39
1771411122999 12311.0 40
1771411133216 11448.8 41
1771411143356 11166.5 42
1771411153550 7595.8 43
1771411163965 7284.9 44
1771411174171 7682.9 45
1771411184409 7439.2 46
1771411194596 8104.0 47
1771411204868 8294.2 48
1771411215048 8342.5 49
1771411225288 8488.9 50
1771411235655 7881.2 51
1771411246067 8262.1 52
1771411256345 12016.7 53
1771411266688 12524.7 54
1771411276972 12733.0 55
1771411287245 12764.9 56
1771411297471 11977.5 57
1771411307715 12511.5 58
1771411318204 12450.0 59
1771411328645 7356.0 60
1771411338890 12063.7 61
1771411349131 12242.9 62
1771411359356 11855.3 63
1771411369618 12051.6 64
1771411379854 11789.9 65
1771411390071 12005.8 66
1771411400204 11683.0 67
1771411410444 7106.6 68
1771411420655 6979.9 69
1771411430816 7163.6 70
1771411440990 7300.2 71
1771411451155 7171.0 72
1771411461343 7318.1 73
1771411471556 7127.5 74
1771411481728 7295.0 75
1771411492160 6987.7 76
1771411502592 7703.7 77
1771411512923 11528.6 78
1771411523190 11339.6 79
1771411533459 11285.6 80
1771411543740 11175.3 81
1771411554049 11279.6 82
1771411564352 11177.5 83
1771411574702 11317.7 84
1771411585077 7628.3 85
1771411595357 12448.6 86
1771411605632 12456.3 87
1771411615907 12383.9 88
1771411626205 12389.0 89
1771411636499 12350.1 90
1771411646821 12411.6 91
1771411657297 12348.2 92
1771411667674 8339.7 93
1771411677878 12796.8 94
1771411688071 13044.1 95
1771411698344 12602.2 96
1771411708609 13035.3 97
1771411718874 12876.1 98
1771411729112 13669.4 99
1771411739264 13724.1 100
1771411749804 7395.2 101
1771411760100 9291.5 102
1771411770408 9966.7 103
1771411780643 9979.5 104
1771411790873 10524.9 105
1771411801068 10359.6 106
1771411811359 10829.6 107
1771411821572 9671.1 108
1771411831888 7873.3 109
1771411842388 8525.5 110
1771411852645 13188.6 111
1771411862997 13567.1 112
1771411873341 14055.8 113
1771411883677 12470.6 114
1771411894057 10160.5 115
1771411904376 8307.2 116
1771411914722 7161.8 117
1771411925068 9936.4 118
1771411935520 7917.6 119
1771411945752 12000.7 120
1771411955984 11247.4 121
1771411966294 11223.4 122
1771411976499 11014.5 123
1771411986700 9536.0 124
1771411997028 9655.5 125
1771412007372 7656.6 126
1771412017720 7358.3 127
1771412028013 10896.7 128
1771412038192 10188.4 129
1771412048487 8547.0 130
1771412058800 7665.2 131
1771412069106 7195.8 132
1771412079291 7277.1 133
1771412089551 6875.0 134
1771412099722 6705.6 135
1771412109849 6961.9 136
1771412120121 6686.2 137
1771412130376 8876.8 138
1771412140604 8929.6 139
1771412150849 11154.6 140
1771412160989 11507.0 141
1771412171443 6950.3 142
1771412181644 8877.6 143
1771412191798 10419.7 144
1771412202036 9997.2 145
1771412212295 11223.1 146
1771412222512 11151.6 147
1771412232746 12865.4 148
1771412242886 13432.5 149
1771412253140 6835.3 150
1771412263329 10322.7 151
1771412273535 12324.6 152
1771412283886 12344.6 153
1771412294066 13754.7 154
1771412304363 13595.9 155
1771412314638 13134.9 156
1771412324777 12839.0 157
1771412335040 7455.0 158
1771412345541 7081.7 159
1771412355828 8125.6 160
1771412366150 7815.0 161
1771412376288 7108.6 162
1771412386650 7304.6 163
1771412396921 7356.2 164
1771412407057 7871.9 165
1771412417183 7069.6 166
1771412427524 6868.2 167
1771412437830 7591.9 168
1771412448007 7630.3 169
1771412458109 7017.2 170
1771412468371 7244.2 171
1771412478671 7508.0 172
1771412488827 7792.8 173
1771412498948 6479.3 174
1771412509365 6818.2 175
1771412519696 9317.0 176
1771412529957 7328.5 177
1771412540214 7359.4 178
1771412550416 6656.6 179
1771412560708 6401.5 180
1771412570858 6973.2 181
1771412580958 6543.1 182
1771412591315 6868.0 183
1771412601610 7336.3 184
1771412611784 7241.7 185
1771412621937 6548.2 186
1771412632054 6358.9 187
1771412642309 6512.5 188
1771412652456 6335.5 189
1771412662562 6526.7 190
1771412672957 6876.8 191
1771412683230 8914.0 192
1771412693434 7598.6 193
1771412703549 6588.3 194
1771412713850 6438.3 195
1771412724174 7267.7 196
1771412734323 8212.3 197
1771412744581 6582.9 198
1771412754982 6393.6 199
1771412765107 6913.4 200
1771412775339 6774.3 201
1771412785625 6564.2 202
1771412795879 7320.2 203
1771412806108 8608.4 204
1771412816252 9059.9 205
1771412826492 6531.3 206
1771412836780 6380.7 207
1771412847145 6539.0 208
1771412857456 7066.1 209
1771412867669 8307.1 210
1771412877898 8655.5 211
1771412888039 9710.1 212
1771412898162 9903.4 213
1771412908351 6631.7 214
1771412918682 6485.5 215
1771412928932 7297.7 216
1771412939159 8212.4 217
1771412949346 9201.5 218
1771412959529 9245.6 219
1771412969768 9878.2 220
1771412979920 10452.5 221
1771412990411 6703.8 222
1771413000641 7169.8 223
1771413010928 8640.0 224
1771413021118 8746.6 225
1771413031291 9631.6 226
1771413041551 9956.1 227
1771413051785 11251.2 228
1771413061931 11580.1 229
1771413072416 6845.2 230
1771413082665 8652.2 231
1771413092880 9531.3 232
1771413103141 9828.9 233
1771413113388 11106.5 234
1771413123617 11322.8 235
1771413133850 12497.7 236
1771413144013 12652.1 237
1771413154427 6759.5 238
1771413164603 9326.0 239
1771413174819 10066.0 240
1771413185051 10462.8 241
1771413195259 11972.5 242
1771413205512 12327.6 243
1771413215867 13395.5 244
1771413226025 13453.4 245
1771413236279 6743.1 246
1771413246573 10250.3 247
1771413256778 11563.2 248
1771413267022 11948.4 249
1771413277283 13079.8 250
1771413287644 13447.3 251
1771413297863 13666.1 252
1771413308035 13502.1 253
1771413318340 6194.2 254
1771413328645 12225.7 255
1771413338951 13408.6 256
1771413349229 13469.0 257
1771413359482 13673.6 258
1771413369781 12753.4 259
1771413380057 12261.3 260
1771413390440 11880.2 261
1771413400959 8119.8 262
1771413411180 13480.5 263
1771413421433 12819.4 264
1771413431767 12022.7 265
1771413442041 11882.7 266
1771413452328 11115.7 267
1771413462610 11126.4 268
1771413472813 11120.5 269
1771413483285 6956.9 270
1771413493595 11896.3 271
1771413503880 11172.1 272
1771413514190 11143.3 273
1771413524509 10673.5 274
1771413534909 9639.1 275
1771413545292 7800.7 276
1771413555636 7597.0 277
1771413566033 7421.0 278
1771413576297 10772.6 279
1771413586523 10106.9 280
1771413596719 7771.0 281
1771413606902 7605.5 282
1771413617136 6813.5 283
1771413627285 6515.6 284
1771413637412 6800.0 285
1771413647748 7133.0 286
1771413657997 8257.5 287
1771413668225 7850.2 288
1771413678379 6738.4 289
1771413688611 7050.3 290
1771413698893 7296.0 291
1771413709052 8248.5 292
1771413719389 6848.6 293
1771413729760 6663.9 294
1771413739885 6803.0 295
1771413750138 7051.7 296
1771413760411 6757.4 297
1771413770651 7470.4 298
1771413780940 8711.2 299
1771413791096 9310.7 300
1771413801353 6794.1 301
1771413811868 6652.9 302
1771413822145 7277.2 303
1771413832342 7779.0 304
1771413842576 8937.6 305
1771413852752 9295.1 306
1771413863004 10432.0 307
1771413873146 11327.3 308
1771413883651 6909.4 309
1771413893885 7654.7 310
1771413904121 9016.1 311
1771413914300 9351.3 312
1771413924557 10264.7 313
1771413934814 11233.9 314
1771413945101 12413.1 315
1771413955256 13241.3 316
1771413965612 6848.2 317
1771413975821 9438.0 318
1771413986099 10572.0 319
1771413996325 11304.3 320
1771414006543 12287.0 321
1771414016775 12748.0 322
1771414027102 13739.9 323
1771414037290 13545.8 324
1771414047719 6939.6 325
1771414057971 11585.4 326
1771414068211 13079.0 327
1771414078506 13680.8 328
1771414088775 13768.6 329
1771414099058 12911.2 330
1771414109350 12480.7 331
1771414119748 12007.9 332
1771414130320 7704.6 333
1771414140582 13610.6 334
1771414150807 12920.7 335
1771414161121 12093.7 336
1771414171403 12001.7 337
1771414181688 11249.9 338
1771414191970 11236.9 339
1771414202250 11166.5 340
1771414212678 7065.5 341
1771414222942 11999.8 342
1771414233222 11331.5 343
1771414243505 11258.4 344
1771414253782 11206.2 345
1771414264080 11080.6 346
1771414274348 10839.9 347
1771414284691 9587.7 348
1771414295109 7334.2 349
1771414305441 11222.4 350
1771414315778 10906.3 351
1771414326004 9690.8 352
1771414336248 7768.4 353
1771414346478 7554.0 354
1771414356697 7024.7 355
1771414366811 6813.5 356
1771414377211 7155.2 357
1771414387484 9186.6 358
1771414397682 7506.3 359
1771414407807 6660.9 360
1771414418192 6372.9 361
1771414428529 7586.0 362
1771414438710 8656.7 363
1771414448923 6666.8 364
1771414459163 6608.1 365
1771414469401 6628.4 366
1771414479693 6688.1 367
1771414489978 8393.1 368
1771414500222 8800.4 369
1771414510375 9965.2 370
1771414520528 10138.6 371
1771414530904 6951.1 372
1771414541214 6963.8 373
1771414551467 7998.0 374
1771414561673 8822.3 375
1771414571846 9812.2 376
1771414582103 10161.6 377
1771414592335 11510.9 378
1771414602476 12196.2 379
1771414612887 7068.1 380
1771414623083 9017.9 381
1771414633258 9731.0 382
1771414643529 10135.3 383
1771414653750 11604.9 384
1771414664035 12224.3 385
1771414674215 13333.6 386
1771414684372 13677.9 387
1771414694683 7066.5 388
1771414704948 10223.6 389
1771414715164 11708.2 390
1771414725382 12091.6 391
1771414735610 12885.2 392
1771414745930 13698.2 393
1771414756166 13919.3 394
1771414766630 13084.2 395
1771414776991 7102.2 396
1771414787274 12855.2 397
1771414797634 13969.0 398
1771414807875 13736.1 399
1771414818138 13158.1 400
1771414828443 12201.1 401
1771414838741 11959.4 402
1771414849062 11351.2 403
1771414859434 7090.0 404
1771414869710 13147.3 405
1771414880032 12615.1 406
1771414890289 12211.4 407
1771414900570 11471.7 408
1771414910873 11403.9 409
1771414921157 11532.3 410
1771414931335 11221.4 411
1771414941815 7307.7 412
1771414952101 12237.1 413
1771414962370 11463.7 414
1771414972675 11428.1 415
1771414983016 11464.2 416
1771414993333 11357.9 417
1771415003667 11082.9 418
1771415013965 9746.6 419
1771415024491 7725.1 420
1771415034836 11555.0 421
1771415045026 11131.9 422
1771415055193 10082.3 423
1771415065386 8851.9 424
1771415075642 7835.2 425
1771415085867 7888.0 426
1771415096115 6721.0 427
1771415106458 7444.2 428
1771415116731 9986.6 429
1771415126986 8504.1 430
1771415137213 7924.2 431
1771415147402 7051.5 432
1771415157755 6909.4 433
1771415167921 7620.5 434
1771415178190 7199.3 435
1771415188580 7243.5 436
1771415198742 7133.7 437
1771415209115 6830.2 438
1771415219423 8005.6 439
1771415229641 8794.5 440
1771415239809 9759.9 441
1771415249948 10268.5 442
1771415260137 7116.2 443
1771415270479 6983.2 444
1771415280772 7581.8 445
1771415291019 8105.0 446
1771415301277 9290.3 447
1771415311511 9729.2 448
1771415321770 11010.0 449
1771415331930 11674.9 450
1771415342467 7174.2 451
1771415352735 8702.6 452
1771415362956 9711.5 453
1771415373216 9738.4 454
1771415383494 11037.1 455
1771415393711 11872.1 456
1771415403969 12899.3 457
1771415414120 13620.0 458
1771415424481 7196.2 459
1771415434757 10283.1 460
1771415445006 11711.7 461
1771415455313 12188.7 462
1771415465675 13759.7 463
1771415476016 13911.3 464
1771415486280 14044.6 465
1771415496798 12470.2 466
1771415507209 7519.3 467
1771415517586 13898.9 468
1771415527853 14057.6 469
1771415538144 13213.2 470
1771415548446 12692.5 471
1771415558719 12252.1 472
1771415569054 11514.9 473
1771415579417 11494.5 474
1771415589792 7128.1 475
1771415600115 12343.0 476
1771415610344 12329.2 477
1771415620607 11472.0 478
1771415630906 11507.2 479
1771415641276 11460.2 480
1771415651648 11208.1 481
1771415662024 9960.8 482
1771415672466 7617.6 483
1771415682796 11584.8 484
1771415693050 11182.8 485
1771415703290 10881.0 486
1771415713537 10451.4 487
1771415723772 8087.4 488
1771415734012 7948.2 489
1771415744272 7274.6 490
1771415754583 7450.0 491
1771415764790 10106.3 492
1771415774964 9620.7 493
1771415785235 7924.1 494
1771415795379 8034.9 495
1771415805630 6763.5 496
1771415815813 6935.6 497
1771415825926 7152.2 498
1771415836299 7496.1 499
1771415846518 7927.6 500
1771415856675 7966.6 501
1771415866812 6955.2 502
1771415877135 7295.3 503
1771415887466 7854.3 504
1771415897635 8986.0 505
1771415907882 7145.5 506
1771415918241 6963.8 507
1771415928563 7231.0 508
1771415938883 7161.3 509
1771415949147 8904.1 510
1771415959397 9594.2 511
1771415969637 10398.5 512
1771415979794 10990.1 513
1771415990280 7192.2 514
1771416000500 8310.0 515
1771416010758 9340.8 516
1771416021007 9708.9 517
1771416031268 11068.8 518
1771416041474 11744.2 519
1771416051773 12770.3 520
1771416061940 13491.6 521
1771416072337 7278.6 522
1771416082599 10183.8 523
1771416092847 11260.3 524
1771416103088 11894.8 525
1771416113348 12946.1 526
1771416123697 13599.2 527
1771416133946 14189.8 528
1771416144214 13403.4 529
1771416154609 7221.4 530
1771416164858 12855.1 531
1771416175265 14082.7 532
1771416185532 13878.4 533
1771416195730 13711.7 534
1771416206010 12868.6 535
1771416216315 13868.9 536
1771416226498 13850.7 537
1771416236965 7111.0 538
1771416247229 9709.0 539
1771416257552 9189.7 540
1771416267925 8841.7 541
1771416278348 8939.9 542
1771416288746 8290.8 543
1771416299092 8225.3 544
1771416309274 7908.5 545
1771416319399 7078.9 546
1771416329910 7554.5 547
1771416340257 9512.8 548
1771416350506 8207.6 549
1771416360648 7181.2 550
1771416370995 7416.4 551
1771416381330 7759.6 552
1771416391492 8842.1 553
1771416401721 7268.6 554
1771416412018 7077.6 555
1771416422418 7255.2 556
1771416432780 7286.0 557
1771416443067 8593.1 558
1771416453305 8976.3 559
1771416463468 10213.9 560
1771416473627 10557.8 561
1771416484065 7310.7 562
1771416494375 7456.6 563
1771416504645 9034.5 564
1771416514870 9491.2 565
1771416525109 10537.3 566
1771416535327 11101.5 567
1771416545578 12565.8 568
1771416555754 13107.6 569
1771416566155 7317.5 570
1771416576341 9885.0 571
1771416586642 10855.2 572
1771416596902 11737.5 573
1771416607188 12874.5 574
1771416617541 13684.4 575
1771416627768 14117.4 576
1771416638193 13348.3 577
1771416648563 7191.7 578
1771416658810 12804.9 579
1771416669145 14050.2 580
1771416679418 13987.6 581
1771416689672 13442.6 582
1771416699925 13172.6 583
1771416710259 12427.1 584
1771416720650 11973.1 585
1771416730995 8124.2 586
1771416741222 13314.3 587
1771416751543 12746.3 588
1771416761841 12430.4 589
1771416772113 11603.1 590
1771416782383 11540.3 591
1771416792703 11599.9 592
1771416803075 11435.2 593
1771416813492 8100.6 594
1771416823741 11605.2 595
1771416833999 11578.6 596
1771416844287 11612.9 597
1771416854598 11205.5 598
1771416864765 10149.0 599
1771416874953 9365.6 600
1771416885274 8957.9 601
1771416895710 7764.7 602
1771416906006 11585.6 603
1771416916342 11295.7 604
1771416926660 10073.5 605
1771416936940 8038.8 606
1771416947110 7077.6 607
1771416957283 7454.8 608
1771416967426 7238.7 609
1771416977889 7567.3 610
1771416988227 8764.2 611
1771416998477 8051.9 612
1771417008796 7206.0 613
1771417019116 7559.6 614
1771417029406 9080.9 615
1771417039575 9392.0 616
1771417049829 7327.4 617
1771417060203 7122.7 618
1771417070566 7402.0 619
1771417080882 8126.9 620
1771417091073 10023.0 621
1771417101336 10437.7 622
1771417111585 12123.7 623
1771417121757 12837.2 624
1771417132212 7321.0 625
1771417142389 9951.4 626
1771417152562 10844.3 627
1771417162836 10598.1 628
1771417173078 11803.5 629
1771417183384 12380.0 630
1771417193739 13880.5 631
1771417203918 14003.1 632
1771417214207 7355.9 633
1771417224487 11027.6 634
1771417234722 12346.3 635
1771417244974 12821.7 636
1771417255399 13910.4 637
1771417265684 14027.7 638
1771417275893 13710.8 639
1771417286277 12574.8 640
1771417296721 7208.9 641
1771417307091 13925.0 642
1771417317359 14161.0 643
1771417327604 13266.3 644
1771417337964 12549.3 645
1771417348193 12411.0 646
1771417358438 11660.3 647
1771417368758 11619.7 648
1771417379094 7336.5 649
1771417389462 12613.8 650
1771417399800 12421.9 651
1771417410090 11648.6 652
1771417420396 11614.5 653
1771417430704 11568.7 654
1771417440995 11272.2 655
1771417451311 9925.2 656
1771417461771 7705.6 657
1771417472128 11635.1 658
1771417482447 11430.0 659
1771417492665 11309.8 660
1771417502850 9956.7 661
1771417513195 7923.6 662
1771417523410 7531.5 663
1771417533588 7286.6 664
1771417544049 7600.0 665
1771417554391 9573.2 666
1771417564565 8305.1 667
1771417574954 7252.7 668
1771417585282 7596.5 669
1771417595607 9244.6 670
1771417605767 9874.6 671
1771417616155 7254.3 672
1771417626681 7074.3 673
1771417636992 8120.3 674
1771417647237 9188.0 675
1771417657499 10206.7 676
1771417667750 10971.4 677
1771417678009 12214.3 678
1771417688170 12819.7 679
1771417698620 7329.4 680
1771417708811 9937.0 681
1771417719068 10566.7 682
1771417729273 11063.7 683
1771417739528 12627.6 684
1771417749821 13180.6 685
1771417760143 14146.6 686
1771417770297 13739.7 687
1771417780660 7355.9 688
1771417790939 12426.0 689
1771417801274 13774.1 690
1771417811507 13972.5 691
1771417821805 14213.2 692
1771417832002 13039.5 693
1771417842308 12437.1 694
1771417852774 12355.2 695
1771417863178 8128.3 696
1771417873400 13315.2 697
1771417883694 12759.2 698
1771417893945 12374.6 699
1771417904267 11587.5 700
1771417914581 11619.9 701
1771417924899 11603.0 702
1771417935312 11436.0 703
1771417945732 8189.9 704
1771417956053 11612.7 705
1771417966376 11637.1 706
1771417976677 11402.9 707
1771417986990 10614.9 708
1771417997288 9549.8 709
1771418007511 7812.5 710
1771418017794 7262.1 711
1771418028105 7505.1 712
1771418038317 10080.1 713
1771418048620 9220.4 714
1771418058899 8101.4 715
1771418069121 7823.1 716
1771418079389 7351.0 717
1771418089558 7070.7 718
1771418099811 7421.2 719
1771418110079 7428.1 720
1771418120434 7298.8 721
1771418130729 7347.3 722
1771418141016 9126.6 723
1771418151251 9619.4 724
1771418161514 10589.2 725
1771418171675 11661.2 726
1771418182192 7362.3 727
1771418192434 9410.0 728
1771418202685 10606.1 729
1771418212973 11492.7 730
1771418223190 13597.2 731
1771418233439 14013.5 732
1771418243664 14131.5 733
1771418254130 13045.4 734
1771418264578 7537.0 735
1771418274959 13990.0 736
1771418285207 14265.8 737
1771418295418 13498.0 738
1771418305725 12821.0 739
1771418316082 12464.2 740
1771418326351 11874.4 741
1771418336721 11681.4 742
1771418347011 7543.9 743
1771418357338 12666.4 744
1771418367652 12448.8 745
1771418377917 11769.0 746
1771418388229 11713.2 747
1771418398562 11652.4 748
1771418408889 11336.4 749
1771418419257 10125.3 750
1771418429726 7854.8 751
1771418440031 11763.3 752
1771418450397 11388.7 753
1771418460690 10127.7 754
1771418471013 8226.4 755
1771418481227 7995.1 756
1771418491426 7547.5 757
1771418501567 7373.5 758
1771418511990 7623.6 759
1771418522246 9632.9 760
1771418532452 8359.7 761
1771418542739 7326.8 762
1771418553049 7122.5 763
1771418563351 8750.7 764
1771418573548 9239.0 765
1771418583809 7410.4 766
1771418594239 7210.0 767
1771418604559 7659.5 768
1771418614849 8269.0 769
1771418625117 9505.2 770
1771418635383 9987.2 771
1771418645647 11449.0 772
1771418655805 12279.8 773
1771418665991 7306.6 774
1771418676436 7196.0 775
