1771410712228 42.5 0
1771410722437 79.3 1
1771410732774 84.2 2
1771410743030 50.2 3
1771410753278 48.8 4
1771410763540 75.0 5
1771410773760 89.6 6
1771410783870 62.2 7
1771410794059 48.1 8
1771410804382 72.7 9
1771410814829 49.6 10
1771410825142 90.7 11
1771410835417 87.2 12
1771410845643 84.2 13
1771410855859 83.3 14
1771410866043 80.1 15
1771410876291 77.7 16
1771410886409 74.8 17
1771410896616 47.6 18
1771410907199 45.9 19
1771410917465 52.5 20
1771410927748 52.4 21
1771410938048 50.6 22
1771410948302 52.2 23
1771410958610 50.8 24
1771410968804 53.2 25
1771410979098 53.8 26
1771410989483 51.0 27
1771410999781 74.0 28
1771411010055 75.0 29
1771411020337 73.0 30
1771411030562 74.0 31
1771411040871 71.9 32
1771411051167 77.0 33
1771411061571 76.8 34
1771411071919 48.1 35
1771411082122 77.9 36
1771411092317 78.7 37
1771411102532 77.5 38
1771411112767 76.8 39
1771411122999 74.4 40
1771411133216 69.1 41
1771411143356 67.4 42
1771411153550 45.9 43
1771411163965 44.0 44
1771411174171 46.4 45
1771411184409 44.9 46
1771411194596 48.9 47
1771411204868 50.1 48
1771411215048 50.4 49
1771411225288 51.3 50
1771411235655 47.6 51
1771411246067 49.9 52
1771411256345 72.6 53
1771411266688 75.6 54
1771411276972 76.9 55
1771411287245 77.1 56
1771411297471 72.3 57
1771411307715 75.6 58
1771411318204 75.2 59
1771411328645 44.4 60
1771411338890 72.9 61
1771411349131 73.9 62
1771411359356 71.6 63
1771411369618 72.8 64
1771411379854 71.2 65
1771411390071 72.5 66
1771411400204 70.6 67
1771411410444 42.9 68
1771411420655 42.2 69
1771411430816 43.3 70
1771411440990 44.1 71
1771411451155 43.3 72
1771411461343 44.2 73
1771411471556 43.0 74
1771411481728 44.1 75
1771411492160 42.2 76
1771411502592 46.5 77
1771411512923 69.6 78
1771411523190 68.5 79
1771411533459 68.2 80
1771411543740 67.5 81
1771411554049 68.1 82
1771411564352 67.5 83
1771411574702 68.4 84
1771411585077 46.1 85
1771411595357 75.2 86
1771411605632 75.2 87
1771411615907 74.8 88
1771411626205 74.8 89
1771411636499 74.6 90
1771411646821 75.0 91
1771411657297 74.6 92
1771411667674 50.4 93
1771411677878 77.3 94
1771411688071 78.8 95
1771411698344 76.1 96
1771411708609 78.7 97
1771411718874 77.8 98
1771411729112 82.6 99
1771411739264 82.9 100
1771411749804 44.7 101
1771411760100 56.1 102
1771411770408 60.2 103
1771411780643 60.3 104
1771411790873 63.6 105
1771411801068 62.6 106
1771411811359 65.4 107
1771411821572 58.4 108
1771411831888 47.5 109
1771411842388 51.5 110
1771411852645 79.7 111
1771411862997 81.9 112
1771411873341 84.9 113
1771411883677 75.3 114
1771411894057 61.4 115
1771411904376 50.2 116
1771411914722 43.3 117
1771411925068 60.0 118
1771411935520 47.8 119
1771411945752 72.5 120
1771411955984 67.9 121
1771411966294 67.8 122
1771411976499 66.5 123
1771411986700 57.6 124
1771411997028 58.3 125
1771412007372 46.2 126
1771412017720 44.4 127
1771412028013 65.8 128
1771412038192 61.5 129
1771412048487 51.6 130
1771412058800 46.3 131
1771412069106 43.5 132
1771412079291 43.9 133
1771412089551 41.5 134
1771412099722 40.5 135
1771412109849 42.0 136
1771412120121 40.4 137
1771412130376 53.6 138
1771412140604 53.9 139
1771412150849 67.4 140
1771412160989 69.5 141
1771412171443 42.0 142
1771412181644 53.6 143
1771412191798 62.9 144
1771412202036 60.4 145
1771412212295 67.8 146
1771412222512 67.3 147
1771412232746 77.7 148
1771412242886 81.1 149
1771412253140 41.3 150
1771412263329 62.3 151
1771412273535 74.4 152
1771412283886 74.6 153
1771412294066 83.1 154
1771412304363 82.1 155
1771412314638 79.3 156
1771412324777 77.5 157
1771412335040 45.0 158
1771412345541 42.8 159
1771412355828 49.1 160
1771412366150 47.2 161
1771412376288 42.9 162
1771412386650 44.1 163
1771412396921 44.4 164
1771412407057 47.5 165
1771412417183 42.7 166
1771412427524 41.5 167
1771412437830 45.9 168
1771412448007 46.1 169
1771412458109 42.4 170
1771412468371 43.8 171
1771412478671 45.3 172
1771412488827 47.1 173
1771412498948 39.1 174
1771412509365 41.2 175
1771412519696 56.3 176
1771412529957 44.3 177
1771412540214 44.4 178
1771412550416 40.2 179
1771412560708 38.7 180
1771412570858 42.1 181
1771412580958 39.5 182
1771412591315 41.5 183
1771412601610 44.3 184
1771412611784 43.7 185
1771412621937 39.5 186
1771412632054 38.4 187
1771412642309 39.3 188
1771412652456 38.3 189
1771412662562 39.4 190
1771412672957 41.5 191
1771412683230 53.8 192
1771412693434 45.9 193
1771412703549 39.8 194
1771412713850 38.9 195
1771412724174 43.9 196
1771412734323 49.6 197
1771412744581 39.8 198
1771412754982 38.6 199
1771412765107 41.8 200
1771412775339 40.9 201
1771412785625 39.6 202
1771412795879 44.2 203
1771412806108 52.0 204
1771412816252 54.7 205
1771412826492 39.4 206
1771412836780 38.5 207
1771412847145 39.5 208
1771412857456 42.7 209
1771412867669 50.2 210
1771412877898 52.3 211
1771412888039 58.6 212
1771412898162 59.8 213
1771412908351 40.1 214
1771412918682 39.2 215
1771412928932 44.1 216
1771412939159 49.6 217
1771412949346 55.6 218
1771412959529 55.8 219
1771412969768 59.7 220
1771412979920 63.1 221
1771412990411 40.5 222
1771413000641 43.3 223
1771413010928 52.2 224
1771413021118 52.8 225
1771413031291 58.2 226
1771413041551 60.1 227
1771413051785 68.0 228
1771413061931 69.9 229
1771413072416 41.3 230
1771413082665 52.3 231
1771413092880 57.6 232
1771413103141 59.4 233
1771413113388 67.1 234
1771413123617 68.4 235
1771413133850 75.5 236
1771413144013 76.4 237
1771413154427 40.8 238
1771413164603 56.3 239
1771413174819 60.8 240
1771413185051 63.2 241
1771413195259 72.3 242
1771413205512 74.5 243
1771413215867 80.9 244
1771413226025 81.2 245
1771413236279 40.7 246
1771413246573 61.9 247
1771413256778 69.8 248
1771413267022 72.2 249
1771413277283 79.0 250
1771413287644 81.2 251
1771413297863 82.5 252
1771413308035 81.5 253
1771413318340 37.4 254
1771413328645 73.8 255
1771413338951 81.0 256
1771413349229 81.3 257
1771413359482 82.6 258
1771413369781 77.0 259
1771413380057 74.1 260
1771413390440 71.7 261
1771413400959 49.0 262
1771413411180 81.4 263
1771413421433 77.4 264
1771413431767 72.6 265
1771413442041 71.8 266
1771413452328 67.1 267
1771413462610 67.2 268
1771413472813 67.2 269
1771413483285 42.0 270
1771413493595 71.8 271
1771413503880 67.5 272
1771413514190 67.3 273
1771413524509 64.5 274
1771413534909 58.2 275
1771413545292 47.1 276
1771413555636 45.9 277
1771413566033 44.8 278
1771413576297 65.1 279
1771413586523 61.0 280
1771413596719 46.9 281
1771413606902 45.9 282
1771413617136 41.1 283
1771413627285 39.3 284
1771413637412 41.1 285
1771413647748 43.1 286
1771413657997 49.9 287
1771413668225 47.4 288
1771413678379 40.7 289
1771413688611 42.6 290
1771413698893 44.1 291
1771413709052 49.8 292
1771413719389 41.4 293
1771413729760 40.2 294
1771413739885 41.1 295
1771413750138 42.6 296
1771413760411 40.8 297
1771413770651 45.1 298
1771413780940 52.6 299
1771413791096 56.2 300
1771413801353 41.0 301
1771413811868 40.2 302
1771413822145 43.9 303
1771413832342 47.0 304
1771413842576 54.0 305
1771413852752 56.1 306
1771413863004 63.0 307
1771413873146 68.4 308
1771413883651 41.7 309
1771413893885 46.2 310
1771413904121 54.5 311
1771413914300 56.5 312
1771413924557 62.0 313
1771413934814 67.8 314
1771413945101 75.0 315
1771413955256 80.0 316
1771413965612 41.4 317
1771413975821 57.0 318
1771413986099 63.8 319
1771413996325 68.3 320
1771414006543 74.2 321
1771414016775 77.0 322
1771414027102 83.0 323
1771414037290 81.8 324
1771414047719 41.9 325
1771414057971 70.0 326
1771414068211 79.0 327
1771414078506 82.6 328
1771414088775 83.2 329
1771414099058 78.0 330
1771414109350 75.4 331
1771414119748 72.5 332
1771414130320 46.5 333
1771414140582 82.2 334
1771414150807 78.0 335
1771414161121 73.0 336
1771414171403 72.5 337
1771414181688 67.9 338
1771414191970 67.9 339
1771414202250 67.4 340
1771414212678 42.7 341
1771414222942 72.5 342
1771414233222 68.4 343
1771414243505 68.0 344
1771414253782 67.7 345
1771414264080 66.9 346
1771414274348 65.5 347
1771414284691 57.9 348
1771414295109 44.3 349
1771414305441 67.8 350
1771414315778 65.9 351
1771414326004 58.5 352
1771414336248 46.9 353
1771414346478 45.6 354
1771414356697 42.4 355
1771414366811 41.1 356
1771414377211 43.2 357
1771414387484 55.5 358
1771414397682 45.3 359
1771414407807 40.2 360
1771414418192 38.5 361
1771414428529 45.8 362
1771414438710 52.3 363
1771414448923 40.3 364
1771414459163 39.9 365
1771414469401 40.0 366
1771414479693 40.4 367
1771414489978 50.7 368
1771414500222 53.1 369
1771414510375 60.2 370
1771414520528 61.2 371
1771414530904 42.0 372
1771414541214 42.1 373
1771414551467 48.3 374
1771414561673 53.3 375
1771414571846 59.3 376
1771414582103 61.4 377
1771414592335 69.5 378
1771414602476 73.7 379
1771414612887 42.7 380
1771414623083 54.5 381
1771414633258 58.8 382
1771414643529 61.2 383
1771414653750 70.1 384
1771414664035 73.8 385
1771414674215 80.5 386
1771414684372 82.6 387
1771414694683 42.7 388
1771414704948 61.7 389
1771414715164 70.7 390
1771414725382 73.0 391
1771414735610 77.8 392
1771414745930 82.7 393
1771414756166 84.1 394
1771414766630 79.0 395
1771414776991 42.9 396
1771414787274 77.6 397
1771414797634 84.4 398
1771414807875 83.0 399
1771414818138 79.5 400
1771414828443 73.7 401
1771414838741 72.2 402
1771414849062 68.6 403
1771414859434 42.8 404
1771414869710 79.4 405
1771414880032 76.2 406
1771414890289 73.7 407
1771414900570 69.3 408
1771414910873 68.9 409
1771414921157 69.6 410
1771414931335 67.8 411
1771414941815 44.1 412
1771414952101 73.9 413
1771414962370 69.2 414
1771414972675 69.0 415
1771414983016 69.2 416
1771414993333 68.6 417
1771415003667 66.9 418
1771415013965 58.9 419
1771415024491 46.7 420
1771415034836 69.8 421
1771415045026 67.2 422
1771415055193 60.9 423
1771415065386 53.5 424
1771415075642 47.3 425
1771415085867 47.6 426
1771415096115 40.6 427
1771415106458 45.0 428
1771415116731 60.3 429
1771415126986 51.4 430
1771415137213 47.9 431
1771415147402 42.6 432
1771415157755 41.7 433
1771415167921 46.0 434
1771415178190 43.5 435
1771415188580 43.7 436
1771415198742 43.1 437
1771415209115 41.3 438
1771415219423 48.3 439
1771415229641 53.1 440
1771415239809 58.9 441
1771415249948 62.0 442
1771415260137 43.0 443
1771415270479 42.2 444
1771415280772 45.8 445
1771415291019 48.9 446
1771415301277 56.1 447
1771415311511 58.8 448
1771415321770 66.5 449
1771415331930 70.5 450
1771415342467 43.3 451
1771415352735 52.6 452
1771415362956 58.7 453
1771415373216 58.8 454
1771415383494 66.7 455
1771415393711 71.7 456
1771415403969 77.9 457
1771415414120 82.3 458
1771415424481 43.5 459
1771415434757 62.1 460
1771415445006 70.7 461
1771415455313 73.6 462
1771415465675 83.1 463
1771415476016 84.0 464
1771415486280 84.8 465
1771415496798 75.3 466
1771415507209 45.4 467
1771415517586 83.9 468
1771415527853 84.9 469
1771415538144 79.8 470
1771415548446 76.7 471
1771415558719 74.0 472
1771415569054 69.5 473
1771415579417 69.4 474
1771415589792 43.0 475
1771415600115 74.5 476
1771415610344 74.5 477
1771415620607 69.3 478
1771415630906 69.5 479
1771415641276 69.2 480
1771415651648 67.7 481
1771415662024 60.2 482
1771415672466 46.0 483
1771415682796 70.0 484
1771415693050 67.5 485
1771415703290 65.7 486
1771415713537 63.1 487
1771415723772 48.8 488
1771415734012 48.0 489
1771415744272 43.9 490
1771415754583 45.0 491
1771415764790 61.0 492
1771415774964 58.1 493
1771415785235 47.9 494
1771415795379 48.5 495
1771415805630 40.8 496
1771415815813 41.9 497
1771415825926 43.2 498
1771415836299 45.3 499
1771415846518 47.9 500
1771415856675 48.1 501
1771415866812 42.0 502
1771415877135 44.1 503
1771415887466 47.4 504
1771415897635 54.3 505
1771415907882 43.2 506
1771415918241 42.1 507
1771415928563 43.7 508
1771415938883 43.2 509
1771415949147 53.8 510
1771415959397 57.9 511
1771415969637 62.8 512
1771415979794 66.4 513
1771415990280 43.4 514
1771416000500 50.2 515
1771416010758 56.4 516
1771416021007 58.6 517
1771416031268 66.8 518
1771416041474 70.9 519
1771416051773 77.1 520
1771416061940 81.5 521
1771416072337 44.0 522
1771416082599 61.5 523
1771416092847 68.0 524
1771416103088 71.8 525
1771416113348 78.2 526
1771416123697 82.1 527
1771416133946 85.7 528
1771416144214 80.9 529
1771416154609 43.6 530
1771416164858 77.6 531
1771416175265 85.0 532
1771416185532 83.8 533
1771416195730 82.8 534
1771416206010 77.7 535
1771416216315 83.8 536
1771416226498 83.6 537
1771416236965 42.9 538
1771416247229 58.6 539
1771416257552 55.5 540
1771416267925 53.4 541
1771416278348 54.0 542
1771416288746 50.1 543
1771416299092 49.7 544
1771416309274 47.8 545
1771416319399 42.8 546
1771416329910 45.6 547
1771416340257 57.5 548
1771416350506 49.6 549
1771416360648 43.4 550
1771416370995 44.8 551
1771416381330 46.9 552
1771416391492 53.4 553
1771416401721 43.9 554
1771416412018 42.7 555
1771416422418 43.8 556
1771416432780 44.0 557
1771416443067 51.9 558
1771416453305 54.2 559
1771416463468 61.7 560
1771416473627 63.8 561
1771416484065 44.2 562
1771416494375 45.0 563
1771416504645 54.6 564
1771416514870 57.3 565
1771416525109 63.6 566
1771416535327 67.0 567
1771416545578 75.9 568
1771416555754 79.2 569
1771416566155 44.2 570
1771416576341 59.7 571
1771416586642 65.6 572
1771416596902 70.9 573
1771416607188 77.8 574
1771416617541 82.6 575
1771416627768 85.3 576
1771416638193 80.6 577
1771416648563 43.4 578
1771416658810 77.3 579
1771416669145 84.9 580
1771416679418 84.5 581
1771416689672 81.2 582
1771416699925 79.6 583
1771416710259 75.1 584
1771416720650 72.3 585
1771416730995 49.1 586
1771416741222 80.4 587
1771416751543 77.0 588
1771416761841 75.1 589
1771416772113 70.1 590
1771416782383 69.7 591
1771416792703 70.1 592
1771416803075 69.1 593
1771416813492 48.9 594
1771416823741 70.1 595
1771416833999 69.9 596
1771416844287 70.1 597
1771416854598 67.7 598
1771416864765 61.3 599
1771416874953 56.6 600
1771416885274 54.1 601
1771416895710 46.9 602
1771416906006 70.0 603
1771416916342 68.2 604
1771416926660 60.8 605
1771416936940 48.5 606
1771416947110 42.7 607
1771416957283 45.0 608
1771416967426 43.7 609
1771416977889 45.7 610
1771416988227 52.9 611
1771416998477 48.6 612
1771417008796 43.5 613
1771417019116 45.7 614
1771417029406 54.8 615
1771417039575 56.7 616
1771417049829 44.3 617
1771417060203 43.0 618
1771417070566 44.7 619
1771417080882 49.1 620
1771417091073 60.5 621
1771417101336 63.0 622
1771417111585 73.2 623
1771417121757 77.5 624
1771417132212 44.2 625
1771417142389 60.1 626
1771417152562 65.5 627
1771417162836 64.0 628
1771417173078 71.3 629
1771417183384 74.8 630
1771417193739 83.8 631
1771417203918 84.6 632
1771417214207 44.4 633
1771417224487 66.6 634
1771417234722 74.6 635
1771417244974 77.4 636
1771417255399 84.0 637
1771417265684 84.7 638
1771417275893 82.8 639
1771417286277 75.9 640
1771417296721 43.5 641
1771417307091 84.1 642
1771417317359 85.5 643
1771417327604 80.1 644
1771417337964 75.8 645
1771417348193 75.0 646
1771417358438 70.4 647
1771417368758 70.2 648
1771417379094 44.3 649
1771417389462 76.2 650
1771417399800 75.0 651
1771417410090 70.3 652
1771417420396 70.1 653
1771417430704 69.9 654
1771417440995 68.1 655
1771417451311 59.9 656
1771417461771 46.5 657
1771417472128 70.3 658
1771417482447 69.0 659
1771417492665 68.3 660
1771417502850 60.1 661
1771417513195 47.9 662
1771417523410 45.5 663
1771417533588 44.0 664
1771417544049 45.9 665
1771417554391 57.8 666
1771417564565 50.2 667
1771417574954 43.8 668
1771417585282 45.9 669
1771417595607 55.8 670
1771417605767 59.6 671
1771417616155 43.8 672
1771417626681 42.7 673
1771417636992 49.0 674
1771417647237 55.5 675
1771417657499 61.6 676
1771417667750 66.3 677
1771417678009 73.8 678
1771417688170 77.4 679
1771417698620 44.3 680
1771417708811 60.0 681
1771417719068 63.8 682
1771417729273 66.8 683
1771417739528 76.3 684
1771417749821 79.6 685
1771417760143 85.4 686
1771417770297 83.0 687
1771417780660 44.4 688
1771417790939 75.0 689
1771417801274 83.2 690
1771417811507 84.4 691
1771417821805 85.8 692
1771417832002 78.7 693
1771417842308 75.1 694
1771417852774 74.6 695
1771417863178 49.1 696
1771417873400 80.4 697
1771417883694 77.1 698
1771417893945 74.7 699
1771417904267 70.0 700
1771417914581 70.2 701
1771417924899 70.1 702
1771417935312 69.1 703
1771417945732 49.5 704
1771417956053 70.1 705
1771417966376 70.3 706
1771417976677 68.9 707
1771417986990 64.1 708
1771417997288 57.7 709
1771418007511 47.2 710
1771418017794 43.9 711
1771418028105 45.3 712
1771418038317 60.9 713
1771418048620 55.7 714
1771418058899 48.9 715
1771418069121 47.2 716
1771418079389 44.4 717
1771418089558 42.7 718
1771418099811 44.8 719
1771418110079 44.9 720
1771418120434 44.1 721
1771418130729 44.4 722
1771418141016 55.1 723
1771418151251 58.1 724
1771418161514 64.0 725
1771418171675 70.4 726
1771418182192 44.5 727
1771418192434 56.8 728
1771418202685 64.1 729
1771418212973 69.4 730
1771418223190 82.1 731
1771418233439 84.6 732
1771418243664 85.3 733
1771418254130 78.8 734
1771418264578 45.5 735
1771418274959 84.5 736
1771418285207 86.2 737
1771418295418 81.5 738
1771418305725 77.4 739
1771418316082 75.3 740
1771418326351 71.7 741
1771418336721 70.5 742
1771418347011 45.6 743
1771418357338 76.5 744
1771418367652 75.2 745
1771418377917 71.1 746
1771418388229 70.7 747
1771418398562 70.4 748
1771418408889 68.5 749
1771418419257 61.2 750
1771418429726 47.4 751
1771418440031 71.0 752
1771418450397 68.8 753
1771418460690 61.2 754
1771418471013 49.7 755
1771418481227 48.3 756
1771418491426 45.6 757
1771418501567 44.5 758
1771418511990 46.0 759
1771418522246 58.2 760
1771418532452 50.5 761
1771418542739 44.2 762
1771418553049 43.0 763
1771418563351 52.8 764
1771418573548 55.8 765
1771418583809 44.8 766
1771418594239 43.5 767
1771418604559 46.3 768
1771418614849 49.9 769
1771418625117 57.4 770
1771418635383 60.3 771
1771418645647 69.1 772
1771418655805 74.2 773
1771418665991 44.1 774
1771418676436 43.5 775
