1771410810223 0.002 0
1771410896599 0.07275 1
1771410982901 0.22097 2
1771411068673 0.19635 3
1771411153939 0.30268 4
1771411238973 0.22779 5
1771411325510 0.25899 6
1771411410455 0.33814 7
1771411494893 0.37254 8
1771411579332 0.39562 9
1771411664061 0.39361 10
1771411748364 0.19293 11
1771411836082 0.21464 12
1771411929273 0.34929 13
1771412009954 0.49772 14
1771412090353 0.46502 15
1771412169953 0.5125 16
1771412250829 0.61406 17
1771412335320 0.55511 18
1771412418257 0.6635 19
1771412500541 0.69136 20
1771412582240 0.67976 21
1771412664298 0.60765 22
1771412745309 0.54419 23
1771412826681 0.63095 24
1771412908156 0.60924 25
1771412989690 0.64448 26
1771413071073 0.61438 27
1771413152609 0.685 28
1771413233939 0.67543 29
1771413315180 0.60443 30
1771413396490 0.64899 31
1771413477338 0.68399 32
1771413557927 0.68081 33
1771413638916 0.6844 34
1771413719975 0.65393 35
1771413801517 0.69845 36
1771413882679 0.68381 37
1771413963693 0.69934 38
1771414044900 0.66182 39
1771414125831 0.72711 40
1771414206982 0.66276 41
1771414287881 0.7357 42
1771414368547 0.69721 43
1771414449491 0.72166 44
1771414530374 0.70053 45
1771414611506 0.68287 46
1771414692523 0.71982 47
1771414773652 0.71403 48
1771414854510 0.73074 49
1771414935863 0.66727 50
1771415017191 0.67856 51
1771415098186 0.7335 52
1771415178907 0.6944 53
1771415259952 0.71011 54
1771415341260 0.7082 55
1771415422340 0.69175 56
1771415503277 0.74902 57
1771415584495 0.76174 58
1771415665346 0.71395 59
1771415746461 0.72002 60
1771415827275 0.73056 61
1771415908498 0.76022 62
1771415989253 0.75178 63
1771416070265 0.73533 64
1771416151417 0.79073 65
1771416235047 0.77548 66
1771416321007 0.69849 67
1771416402232 0.71139 68
1771416483491 0.71036 69
1771416564410 0.71098 70
1771416645276 0.71907 71
1771416726326 0.69929 72
1771416807227 0.68352 73
1771416888258 0.69469 74
1771416968958 0.68775 75
1771417050071 0.68749 76
1771417130401 0.68963 77
1771417211886 0.71551 78
1771417292927 0.73643 79
1771417373877 0.74484 80
1771417454729 0.76401 81
1771417535514 0.76492 82
1771417616135 0.7465 83
1771417696848 0.7256 84
1771417777643 0.68177 85
1771417858514 0.70187 86
1771417939203 0.70818 87
1771418020044 0.68649 88
1771418100378 0.7038 89
1771418180696 0.71898 90
1771418260679 0.73803 91
1771418341793 0.75053 92
1771418422480 0.72537 93
1771418503271 0.73882 94
1771418584068 0.73911 95
1771418664974 0.75877 96
1771418677108 0.7773986946100758 96
