1771410810223 0.00077 0
1771410896599 0.05017 1
1771410982901 0.14258 2
1771411068673 0.12773 3
1771411153939 0.17672 4
1771411238973 0.15848 5
1771411325510 0.18938 6
1771411410455 0.2493 7
1771411494893 0.27607 8
1771411579332 0.28307 9
1771411664061 0.28958 10
1771411748364 0.11947 11
1771411836082 0.13486 12
1771411929273 0.20822 13
1771412009954 0.33708 14
1771412090353 0.33126 15
1771412169953 0.35032 16
1771412250829 0.42903 17
1771412335320 0.41505 18
1771412418257 0.49808 19
1771412500541 0.5498 20
1771412582240 0.53141 21
1771412664298 0.47107 22
1771412745309 0.42815 23
1771412826681 0.47805 24
1771412908156 0.46956 25
1771412989690 0.48135 26
1771413071073 0.47996 27
1771413152609 0.53692 28
1771413233939 0.50653 29
1771413315180 0.44933 30
1771413396490 0.49888 31
1771413477338 0.50506 32
1771413557927 0.52812 33
1771413638916 0.5329 34
1771413719975 0.52352 35
1771413801517 0.55837 36
1771413882679 0.54805 37
1771413963693 0.54521 38
1771414044900 0.5161 39
1771414125831 0.57593 40
1771414206982 0.51365 41
1771414287881 0.5984 42
1771414368547 0.53556 43
1771414449491 0.57785 44
1771414530374 0.55383 45
1771414611506 0.54427 46
1771414692523 0.57481 47
1771414773652 0.57964 48
1771414854510 0.55985 49
1771414935863 0.48624 50
1771415017191 0.50092 51
1771415098186 0.57297 52
1771415178907 0.55552 53
1771415259952 0.55416 54
1771415341260 0.56057 55
1771415422340 0.55307 56
1771415503277 0.54881 57
1771415584495 0.57628 58
1771415665346 0.52735 59
1771415746461 0.554 60
1771415827275 0.57908 61
1771415908498 0.59561 62
1771415989253 0.55323 63
1771416070265 0.59872 64
1771416151417 0.64172 65
1771416235047 0.64514 66
1771416321007 0.58468 67
1771416402232 0.58894 68
1771416483491 0.60233 69
1771416564410 0.59593 70
1771416645276 0.59225 71
1771416726326 0.58179 72
1771416807227 0.57173 73
1771416888258 0.58542 74
1771416968958 0.57733 75
1771417050071 0.57203 76
1771417130401 0.56951 77
1771417211886 0.61063 78
1771417292927 0.62931 79
1771417373877 0.61411 80
1771417454729 0.63781 81
1771417535514 0.63865 82
1771417616135 0.63251 83
1771417696848 0.61773 84
1771417777643 0.5871 85
1771417858514 0.60671 86
1771417939203 0.5992 87
1771418020044 0.56764 88
1771418100378 0.59387 89
1771418180696 0.58747 90
1771418260679 0.6133 91
1771418341793 0.5992 92
1771418422480 0.60871 93
1771418503271 0.59067 94
1771418584068 0.62158 95
1771418664974 0.6295 96
1771418677108 0.6473986285623279 96
