1771410810223 0.00163 0
1771410896599 0.01114 1
1771410982901 0.00744 2
1771411068673 0.00725 3
1771411153939 0.00732 4
1771411238973 0.00592 5
1771411325510 0.00562 6
1771411410455 0.00596 7
1771411494893 0.8976 8
1771411579332 0.61756 9
1771411664061 0.49931 10
1771411748364 0.48738 11
1771411836082 0.80828 12
1771411929273 0.47759 13
1771412009954 0.45669 14
1771412090353 0.42152 15
1771412169953 0.52605 16
1771412250829 0.50755 17
1771412335320 0.57988 18
1771412418257 0.66951 19
1771412500541 0.52407 20
1771412582240 0.55224 21
1771412664298 0.43665 22
1771412745309 0.5624 23
1771412826681 0.47458 24
1771412908156 0.48952 25
1771412989690 0.63924 26
1771413071073 0.70416 27
1771413152609 0.64633 28
1771413233939 0.74304 29
1771413315180 0.56432 30
1771413396490 0.64089 31
1771413477338 0.66295 32
1771413557927 0.57114 33
1771413638916 0.56838 34
1771413719975 0.61953 35
1771413801517 0.62585 36
1771413882679 0.58236 37
1771413963693 0.63421 38
1771414044900 0.60697 39
1771414125831 0.70014 40
1771414206982 0.6312 41
1771414287881 0.75687 42
1771414368547 0.67566 43
1771414449491 0.70608 44
1771414530374 0.71042 45
1771414611506 0.59911 46
1771414692523 0.60804 47
1771414773652 0.63027 48
1771414854510 0.64081 49
1771414935863 0.5552 50
1771415017191 0.59003 51
1771415098186 0.63713 52
1771415178907 0.63411 53
1771415259952 0.70749 54
1771415341260 0.63034 55
1771415422340 0.60157 56
1771415503277 0.73712 57
1771415584495 0.63557 58
1771415665346 0.62877 59
1771415746461 0.69422 60
1771415827275 0.63813 61
1771415908498 0.62656 62
1771415989253 0.66474 63
1771416070265 0.65896 64
1771416151417 0.69781 65
1771416235047 0.6891 66
1771416321007 0.67385 67
1771416402232 0.6373 68
1771416483491 0.68903 69
1771416564410 0.66427 70
1771416645276 0.70047 71
1771416726326 0.6213 72
1771416807227 0.5464 73
1771416888258 0.57022 74
1771416968958 0.64231 75
1771417050071 0.68107 76
1771417130401 0.63558 77
1771417211886 0.69256 78
1771417292927 0.71939 79
1771417373877 0.69801 80
1771417454729 0.73817 81
1771417535514 0.65756 82
1771417616135 0.62622 83
1771417696848 0.57793 84
1771417777643 0.62416 85
1771417858514 0.669 86
1771417939203 0.65523 87
1771418020044 0.61781 88
1771418100378 0.67673 89
1771418180696 0.6871 90
1771418260679 0.72594 91
1771418341793 0.63273 92
1771418422480 0.67236 93
1771418503271 0.76383 94
1771418584068 0.62941 95
1771418664974 0.76518 96
1771418677108 0.6941062531941377 96
