1771410810223 0.11349 0
1771410896599 0.75688 1
1771410982901 0.98651 2
1771411068673 0.86839 3
1771411153939 0.94577 4
1771411238973 0.93968 5
1771411325510 0.93598 6
1771411410455 0.99537 7
1771411494893 0.1224 8
1771411579332 0.20409 9
1771411664061 0.28415 10
1771411748364 0.37765 11
1771411836082 0.15926 12
1771411929273 0.43085 13
1771412009954 0.5208 14
1771412090353 0.45075 15
1771412169953 0.4542 16
1771412250829 0.57684 17
1771412335320 0.48968 18
1771412418257 0.5625 19
1771412500541 0.63867 20
1771412582240 0.67111 21
1771412664298 0.62176 22
1771412745309 0.49005 23
1771412826681 0.6226 24
1771412908156 0.68787 25
1771412989690 0.69259 26
1771413071073 0.51223 27
1771413152609 0.54424 28
1771413233939 0.53834 29
1771413315180 0.57197 30
1771413396490 0.62873 31
1771413477338 0.64702 32
1771413557927 0.76767 33
1771413638916 0.67307 34
1771413719975 0.63811 35
1771413801517 0.66695 36
1771413882679 0.69145 37
1771413963693 0.76527 38
1771414044900 0.67752 39
1771414125831 0.68492 40
1771414206982 0.65897 41
1771414287881 0.64795 42
1771414368547 0.62287 43
1771414449491 0.64461 44
1771414530374 0.597 45
1771414611506 0.7259 46
1771414692523 0.79696 47
1771414773652 0.73775 48
1771414854510 0.75507 49
1771414935863 0.74963 50
1771415017191 0.77402 51
1771415098186 0.70011 52
1771415178907 0.68107 53
1771415259952 0.62276 54
1771415341260 0.72086 55
1771415422340 0.63598 56
1771415503277 0.66944 57
1771415584495 0.78314 58
1771415665346 0.70006 59
1771415746461 0.6159 60
1771415827275 0.65793 61
1771415908498 0.7198 62
1771415989253 0.69992 63
1771416070265 0.69994 64
1771416151417 0.75124 65
1771416235047 0.7603 66
1771416321007 0.6466 67
1771416402232 0.71219 68
1771416483491 0.643 69
1771416564410 0.68161 70
1771416645276 0.68121 71
1771416726326 0.761 72
1771416807227 0.73436 73
1771416888258 0.7826 74
1771416968958 0.65459 75
1771417050071 0.65748 76
1771417130401 0.68654 77
1771417211886 0.66131 78
1771417292927 0.64592 79
1771417373877 0.70941 80
1771417454729 0.69456 81
1771417535514 0.75509 82
1771417616135 0.77988 83
1771417696848 0.72566 84
1771417777643 0.70061 85
1771417858514 0.65084 86
1771417939203 0.66508 87
1771418020044 0.6829 88
1771418100378 0.64188 89
1771418180696 0.66502 90
1771418260679 0.62062 91
1771418341793 0.75331 92
1771418422480 0.71457 93
1771418503271 0.64527 94
1771418584068 0.75152 95
1771418664974 0.64016 96
1771418677108 0.7650482426004096 96
