1771410796856 7.000000000000001e-05 0
1771410884182 0.00014901 1
1771410970413 0.00022696400000000002 2
1771411055806 0.000303862 3
1771411141440 0.00037970399999999997 4
1771411226239 0.00045449000000000005 5
1771411313000 0.00052822 6
1771411397824 0.0006008939999999999 7
1771411482290 0.000672512 8
1771411566707 0.0007430739999999999 9
1771411651303 0.00081258 10
1771411735818 0.00088103 11
1771411821924 0.0009208 12
1771411917051 0.0009142 13
1771411997847 0.0009075999999999999 14
1771412078079 0.000901 15
1771412157901 0.0008944 16
1771412238758 0.0008878 17
1771412322332 0.0008812 18
1771412406190 0.0008745999999999999 19
1771412488446 0.0008680000000000001 20
1771412570216 0.0008614 21
1771412652193 0.0008548 22
1771412733334 0.0008482000000000001 23
1771412814636 0.0008416000000000001 24
1771412896108 0.0008350000000000001 25
1771412977569 0.0008284000000000001 26
1771413059133 0.0008218000000000001 27
1771413140609 0.0008152000000000001 28
1771413221942 0.0008086 29
1771413303455 0.0008020000000000001 30
1771413384536 0.0007954 31
1771413465352 0.0007888 32
1771413546098 0.0007822 33
1771413626972 0.0007756 34
1771413708117 0.0007689999999999999 35
1771413789512 0.0007624 36
1771413870603 0.0007557999999999999 37
1771413951713 0.0007492 38
1771414032910 0.0007426 39
1771414113856 0.0007360000000000001 40
1771414194965 0.0007294000000000001 41
1771414275953 0.0007228 42
1771414356638 0.0007162000000000001 43
1771414437467 0.0007096 44
1771414518400 0.000703 45
1771414599593 0.0006964 46
1771414680655 0.0006898 47
1771414761583 0.0006831999999999999 48
1771414842495 0.0006766 49
1771414923879 0.00067 50
1771415005366 0.0006633999999999999 51
1771415086256 0.0006567999999999999 52
1771415167183 0.0006502000000000001 53
1771415247977 0.0006436 54
1771415329248 0.000637 55
1771415410497 0.0006304 56
1771415491370 0.0006238 57
1771415572407 0.0006171999999999999 58
1771415653355 0.0006106000000000001 59
1771415734445 0.000604 60
1771415815382 0.0005974 61
1771415896470 0.0005908 62
1771415977487 0.0005842000000000001 63
1771416058407 0.0005775999999999999 64
1771416139511 0.000571 65
1771416222491 0.0005644000000000001 66
1771416309106 0.0005578 67
1771416390399 0.0005512000000000001 68
1771416471507 0.0005446000000000001 69
1771416552385 0.0005380000000000001 70
1771416633198 0.0005314 71
1771416714377 0.0005248000000000001 72
1771416795206 0.0005182 73
1771416876219 0.0005116 74
1771416957113 0.000505 75
1771417038031 0.0004984 76
1771417118458 0.0004918 77
1771417199888 0.0004852 78
1771417280954 0.0004786000000000001 79
1771417361860 0.00047200000000000003 80
1771417442864 0.0004654 81
1771417523656 0.00045880000000000004 82
1771417604015 0.0004522 83
1771417684948 0.00044559999999999993 84
1771417765789 0.000439 85
1771417846561 0.00043239999999999994 86
1771417927314 0.00042580000000000005 87
1771418008031 0.00041920000000000005 88
1771418088662 0.0004126 89
1771418168689 0.00040600000000000006 90
1771418248728 0.0003994 91
1771418329919 0.00039280000000000006 92
1771418410618 0.0003862 93
1771418491338 0.0003796 94
1771418572155 0.00037300000000000007 95
1771418652929 0.0003664 96
