1771437744110 0.0 0
1771437754379 53.2 1
1771437764604 83.1 2
1771437774815 84.1 3
1771437784880 76.6 4
1771437795206 85.1 5
1771437805568 91.3 6
1771437815885 93.4 7
1771437826187 86.9 8
1771437836808 73.6 9
1771437847134 66.6 10
1771437857362 80.9 11
1771437867692 73.4 12
1771437878018 82.0 13
1771437888383 73.1 14
1771437898739 81.2 15
1771437908967 76.8 16
1771437919133 57.1 17
1771437929331 50.3 18
1771437939513 47.2 19
1771437949742 49.6 20
1771437959930 39.6 21
1771437970134 47.6 22
1771437980369 48.7 23
1771437990568 40.1 24
1771438000684 47.9 25
1771438010863 48.6 26
1771438021127 46.4 27
