1771437744110 8358.2 0
1771437754379 8360.4 1
1771437764604 8360.0 2
1771437774815 8360.0 3
1771437784880 8359.8 4
1771437795206 8359.8 5
1771437805568 2864.8 6
1771437815885 2864.6 7
1771437826187 2864.6 8
1771437836808 2864.7 9
1771437847134 2830.9 10
1771437857362 2831.0 11
1771437867692 2831.0 12
1771437878018 2822.3 13
1771437888383 2822.3 14
1771437898739 2822.3 15
1771437908967 2831.5 16
1771437919133 2834.9 17
1771437929331 6688.3 18
1771437939513 6772.2 19
1771437949742 6772.0 20
1771437959930 6772.0 21
1771437970134 6772.0 22
1771437980369 6771.9 23
1771437990568 6771.9 24
1771438000684 6771.8 25
1771438010863 6771.8 26
1771438021127 6771.7 27
