1771437744110 423385.6 0
1771437754379 423383.4 1
1771437764604 423383.8 2
1771437774815 423383.8 3
1771437784880 423384.0 4
1771437795206 423384.0 5
1771437805568 428879.0 6
1771437815885 428879.3 7
1771437826187 428879.2 8
1771437836808 428879.2 9
1771437847134 428912.9 10
1771437857362 428912.8 11
1771437867692 428912.8 12
1771437878018 428921.5 13
1771437888383 428921.6 14
1771437898739 428921.6 15
1771437908967 428912.3 16
1771437919133 428908.9 17
1771437929331 425055.5 18
1771437939513 424971.6 19
1771437949742 424971.8 20
1771437959930 424971.8 21
1771437970134 424971.8 22
1771437980369 424971.9 23
1771437990568 424971.9 24
1771438000684 424972.0 25
1771438010863 424972.0 26
1771438021127 424972.1 27
