1771437744110 98.1 0
1771437754379 98.1 1
1771437764604 98.1 2
1771437774815 98.1 3
1771437784880 98.1 4
1771437795206 98.1 5
1771437805568 99.3 6
1771437815885 99.3 7
1771437826187 99.3 8
1771437836808 99.3 9
1771437847134 99.3 10
1771437857362 99.3 11
1771437867692 99.3 12
1771437878018 99.3 13
1771437888383 99.3 14
1771437898739 99.3 15
1771437908967 99.3 16
1771437919133 99.3 17
1771437929331 98.5 18
1771437939513 98.4 19
1771437949742 98.4 20
1771437959930 98.4 21
1771437970134 98.4 22
1771437980369 98.4 23
1771437990568 98.4 24
1771438000684 98.4 25
1771438010863 98.4 26
1771438021127 98.4 27
