1771437744110 0.0001920000000836808 0
1771437754379 0.2748540000000048 1
1771437764604 0.33099800000002233 2
1771437774815 0.3686050000000023 3
1771437784880 0.4007050000000163 4
1771437795206 0.4441820000000689 5
1771437805568 0.48882400000002235 6
1771437815885 1.6825260000000526 7
1771437826187 1.8509980000000041 8
1771437836808 1.9324179999999842 9
1771437847134 2.0464470000000574 10
1771437857362 2.1781630000000405 11
1771437867692 2.318074000000024 12
1771437878018 2.4500639999999976 13
1771437888383 2.5657090000000835 14
1771437898739 2.688333000000057 15
1771437908967 8.82350800000006 16
1771437919133 9.433234000000084 17
1771437929331 9.478511000000026 18
1771437939513 9.608705999999984 19
1771437949742 9.68509400000005 20
1771437959930 9.71716600000002 21
1771437970134 9.983424000000014 22
1771437980369 10.093263999999976 23
1771437990568 10.180466000000024 24
1771438000684 10.26404500000001 25
1771438010863 10.293383000000063 26
1771438021127 10.307168000000047 27
