1771437744110 0.00010600000001659282 0
1771437754379 0.07702000000000453 1
1771437764604 0.29111699999998564 2
1771437774815 0.4614419999999768 3
1771437784880 0.5084749999999758 4
1771437795206 0.6044079999999781 5
1771437805568 0.6913049999999998 6
1771437815885 0.9841389999999706 7
1771437826187 1.0778339999999957 8
1771437836808 1.2693120000000135 9
1771437847134 1.33837699999998 10
1771437857362 1.4153630000000135 11
1771437867692 1.444749999999999 12
1771437878018 1.514915999999971 13
1771437888383 1.5740690000000086 14
1771437898739 1.7209009999999694 15
1771437908967 2.3861559999999713 16
1771437919133 2.9283739999999625 17
1771437929331 2.964698999999996 18
1771437939513 3.2366440000000125 19
1771437949742 3.3878100000000018 20
1771437959930 3.528945999999962 21
1771437970134 3.810292000000004 22
1771437980369 3.8899079999999913 23
1771437990568 3.9378150000000005 24
1771438000684 4.134007999999994 25
1771438010863 4.162041999999985 26
1771438021127 4.166605000000004 27
