1771437744110 15327.9 0
1771437754379 15443.2 1
1771437764604 15709.0 2
1771437774815 15740.0 3
1771437784880 15697.0 4
1771437795206 15581.4 5
1771437805568 15808.9 6
1771437815885 15634.2 7
1771437826187 15661.1 8
1771437836808 15610.5 9
1771437847134 15513.2 10
1771437857362 15485.6 11
1771437867692 15466.5 12
1771437878018 15244.0 13
1771437888383 15260.8 14
1771437898739 15290.6 15
1771437908967 13840.1 16
1771437919133 13213.3 17
1771437929331 13065.8 18
1771437939513 13073.7 19
1771437949742 13128.0 20
1771437959930 13163.6 21
1771437970134 13122.9 22
1771437980369 13105.0 23
1771437990568 13116.4 24
1771438000684 13178.3 25
1771438010863 13138.1 26
1771438021127 13123.3 27
