1771437744110 92.6 0
1771437754379 93.3 1
1771437764604 94.9 2
1771437774815 95.1 3
1771437784880 94.8 4
1771437795206 94.1 5
1771437805568 95.5 6
1771437815885 94.4 7
1771437826187 94.6 8
1771437836808 94.3 9
1771437847134 93.7 10
1771437857362 93.5 11
1771437867692 93.4 12
1771437878018 92.1 13
1771437888383 92.2 14
1771437898739 92.3 15
1771437908967 83.6 16
1771437919133 79.8 17
1771437929331 78.9 18
1771437939513 79.0 19
1771437949742 79.3 20
1771437959930 79.5 21
1771437970134 79.3 22
1771437980369 79.1 23
1771437990568 79.2 24
1771438000684 79.6 25
1771438010863 79.3 26
1771438021127 79.3 27
