1771427456939 419241.6 0
1771427467047 419241.7 1
1771427477164 419246.1 2
1771427487231 419246.2 3
1771427497394 419247.4 4
1771427507509 419264.9 5
1771427517555 419264.8 6
1771427527675 419264.8 7
1771427537981 419268.3 8
1771427548037 419268.3 9
1771427558165 419261.2 10
1771427568311 419261.1 11
1771427578633 419261.1 12
1771427588757 419265.0 13
1771427598957 419264.9 14
1771427609184 419279.9 15
1771427619394 423059.1 16
1771427629507 423059.3 17
1771427639704 423074.6 18
1771427649750 423074.5 19
1771427659912 423075.7 20
1771427670031 423076.3 21
