1771427456939 12502.2 0
1771427467047 12502.1 1
1771427477164 12497.8 2
1771427487231 12497.6 3
1771427497394 12496.4 4
1771427507509 12478.9 5
1771427517555 12479.0 6
1771427527675 12479.0 7
1771427537981 12475.6 8
1771427548037 12475.6 9
1771427558165 12482.6 10
1771427568311 12482.7 11
1771427578633 12482.7 12
1771427588757 12478.8 13
1771427598957 12478.9 14
1771427609184 12464.0 15
1771427619394 8684.8 16
1771427629507 8684.5 17
1771427639704 8669.2 18
1771427649750 8669.3 19
1771427659912 8668.2 20
1771427670031 8667.5 21
