1771427456939 0.0 0
1771427467047 0.25650199999995493 1
1771427477164 0.28281300000003284 2
1771427487231 0.3927699999999277 3
1771427497394 0.4353889999999865 4
1771427507509 0.4560900000000174 5
1771427517555 0.4732559999999921 6
1771427527675 0.49686899999994694 7
1771427537981 0.5223989999999503 8
1771427548037 0.5415309999999636 9
1771427558165 0.567278999999985 10
1771427568311 0.5995530000000144 11
1771427578633 0.6401150000000371 12
1771427588757 0.6612969999999905 13
1771427598957 0.6838010000000168 14
1771427609184 0.7693789999999581 15
1771427619394 1.1350300000000288 16
1771427629507 1.2083129999999755 17
1771427639704 1.2845220000000381 18
1771427649750 1.3130109999999604 19
1771427659912 1.345393999999942 20
1771427670031 1.3981390000000147 21
