1771427456939 0.0 0
1771427467047 0.07959699999999259 1
1771427477164 0.16189399999998955 2
1771427487231 0.20989199999999641 3
1771427497394 0.2532359999999869 4
1771427507509 0.2964709999999968 5
1771427517555 0.3716269999999895 6
1771427527675 0.42535499999999615 7
1771427537981 0.4761919999999975 8
1771427548037 0.5322249999999968 9
1771427558165 0.5637159999999994 10
1771427568311 0.6141489999999976 11
1771427578633 0.7275179999999892 12
1771427588757 0.8656689999999969 13
1771427598957 0.950380999999993 14
1771427609184 1.090330999999992 15
1771427619394 1.3332669999999922 16
1771427629507 1.4838159999999903 17
1771427639704 2.2392819999999887 18
1771427649750 3.1713419999999957 19
1771427659912 4.26138499999999 20
1771427670031 5.322827999999987 21
