1771427456939 13070.0 0
1771427467047 13817.8 1
1771427477164 13866.1 2
1771427487231 13921.0 3
1771427497394 13952.1 4
1771427507509 14011.6 5
1771427517555 14035.9 6
1771427527675 14091.2 7
1771427537981 14047.2 8
1771427548037 13995.5 9
1771427558165 14131.8 10
1771427568311 14160.9 11
1771427578633 14145.8 12
1771427588757 14099.0 13
1771427598957 14081.6 14
1771427609184 14171.2 15
1771427619394 14171.9 16
1771427629507 14289.5 17
1771427639704 14426.6 18
1771427649750 14291.3 19
1771427659912 14388.2 20
1771427670031 14375.3 21
